compound_id,source_dataset,source_id,source_ids,source_url,raw_smiles,standardized_isomeric_smiles,standardized_parent_smiles,inchi_key,parent_key,processing_status,mw,clogp,tpsa,hbd,hba,rotatable_bonds,heavy_atoms,rings,qed,formal_charge,source_record_count,stereo_form_count,historical_label_overlap,prediction_status,docking_eligibility,source_stereo_unspecified,source_unspecified_potential_stereo,rule_variant_count,rule_smiles,rule_inchikey,rule_stereo_unspecified,rule_unspecified_potential_stereo,rule_exchangeable_N_indices,rule_stable_stereo_unspecified,exchangeable_N_geometry_approximation,murcko_scaffold,descriptor_pred_kcal_mol,ai_pred_kcal_mol,ai_tree_sd_kcal_mol,max_train_tanimoto,ood_flag_max_tanimoto_below_0p3,selected_arms,preparation_started_utc,input_isomeric_smiles,input_inchikey,state_inchikey,rule_unspecified_stereocenters,exchangeable_protonated_N_indices,chemical_identity_rule_version,conformers_generated,conformers_converged,selected_mmff_energy_kcal_mol,selected_conformer,sdf_graph_isomeric_smiles,sdf_graph_identity_equal,sdf_graph_identity_stable_equal,sdf_3d_isomeric_smiles,sdf_3d_stereo_equal,sdf_3d_stable_identity_equal,preparation_status,sdf_file,sdf_sha256,ligand_pdbqt,ligand_sha256,preparation_elapsed_seconds,run_id,receptor_id,protein_context,lipids_present,conformation_evidence,binding_hypothesis,functional_direction,disease_fit,scoring_engine,score_kind,seed,exhaustiveness,num_modes,energy_range,cpu_per_job,receptor_file,receptor_sha256,box_file,box_sha256,box_id,box_center_A,box_size_A,pose_file,log_file,export_log_file,independent_qc_status,command,started_utc,returncode,status,score_kcal_mol,pose_count,pose_sha256,pose_heavy_atoms,min_receptor_heavy_distance_A,severe_heavy_atoms_below_1p5A,min_box_margin_A,sdf_export_returncode,exported_sdf_file,exported_sdf_sha256,local_pre_qc_pass,elapsed_seconds,finished_utc,source_condition,independent_qc_pass,original_log_sha256,log_sha256,original_executed_command_sha256,original_command_path_redacted,confirmation_selection_rank,confirmation_tier,initial_score_kcal_mol,initial_middle_distance_A,initial_box_margin_A,arm,selection_rank,active_mean_kcal_mol,active_tree_sd_kcal_mol,active_acquisition_kcal_mol,name,chembl_id,source_smiles,source_inchikey,source_file,source_sha256,identity_scope,study_use_status,reference_role,original_ligand_pdbqt_sha256,original_ligand_sdf_sha256
LIB_YWDIXVZCRMMQQY,ChEMBL,CHEMBL1079964,CHEMBL1079964,https://www.ebi.ac.uk/chembl/compound_report_card/CHEMBL1079964/,O=C(Nc1cccc(-c2cn3ccnc3c(Nc3ccccc3)n2)c1)Nc1cccc(C(F)(F)F)c1,O=C(Nc1cccc(-c2cn3ccnc3c(Nc3ccccc3)n2)c1)Nc1cccc(C(F)(F)F)c1,O=C(Nc1cccc(-c2cn3ccnc3c(Nc3ccccc3)n2)c1)Nc1cccc(C(F)(F)F)c1,YWDIXVZCRMMQQY-UHFFFAOYSA-N,YWDIXVZCRMMQQY,eligible,488.473,6.803,83.35,3,4,5,36,5,0.254,0,1,1,False,predicted,eligible,False,[],1,O=C(Nc1cccc(-c2cn3ccnc3c(Nc3ccccc3)n2)c1)Nc1cccc(C(F)(F)F)c1,YWDIXVZCRMMQQY-UHFFFAOYSA-N,False,[],[],False,False,O=C(Nc1ccccc1)Nc1cccc(-c2cn3ccnc3c(Nc3ccccc3)n2)c1,-8.377592086791992,-8.26765251159668,0.6142598390579224,0.25274725274725274,True,AI_initial,2026-09-28T20:44:22.788263+00:00,O=C(Nc1cccc(-c2cn3ccnc3c(Nc3ccccc3)n2)c1)Nc1cccc(C(F)(F)F)c1,YWDIXVZCRMMQQY-UHFFFAOYSA-N,YWDIXVZCRMMQQY-UHFFFAOYSA-N,[],[],exchangeable_tertiary_ring_NH_and_full_potential_stereo_v3_20260929,10,10,12.949177459859921,7,O=C(Nc1cccc(-c2cn3ccnc3c(Nc3ccccc3)n2)c1)Nc1cccc(C(F)(F)F)c1,True,True,O=C(Nc1cccc(-c2cn3ccnc3c(Nc3ccccc3)n2)c1)Nc1cccc(C(F)(F)F)c1,True,True,prepared,raw/LIB_YWDIXVZCRMMQQY__M_PUB_ALL__e8__s20260927/LIB_YWDIXVZCRMMQQY.sdf,9066eb72bdcdf2dd829c84594e2f1b4573e4b8615eeb5d1cdaa980e7eee07145,raw/LIB_YWDIXVZCRMMQQY__M_PUB_ALL__e8__s20260927/LIB_YWDIXVZCRMMQQY.pdbqt,e8688b37612138bb41cab65d4696d4a0d6bb841154c94cf18b69a56c2745c3eb,0.762,LIB_YWDIXVZCRMMQQY__M_PUB_ALL__e8__s20260927,M_PUB_ALL,mouse TMC1-CIB2-TMIE six-protein complex,False,"author computational model, static",literature-informed middle-region pose,unknown,unverified,AutoDock Vina 1.2.7,"Vina docking score, not MMGBSA",20260927,8,9,3.0,2,external_receptors/M_PUB_ALL.pdbqt,c024cc9efaf910ac11642cea4a4c701a0a88a335d7deb0d040320516d5a2eda1,protocol/human_vina_box.txt,3e4c7eb2c313edbe496068c9fb17790e7ca746567519836ed46131e5e7570d49,table6_middle_15_common_union,"[2.3955, -12.9641, 0.9145]","[37.687, 31.3744, 31.1908]",raw/LIB_YWDIXVZCRMMQQY__M_PUB_ALL__e8__s20260927/LIB_YWDIXVZCRMMQQY__M_PUB_ALL__e8__s20260927.pdbqt,raw/LIB_YWDIXVZCRMMQQY__M_PUB_ALL__e8__s20260927/LIB_YWDIXVZCRMMQQY__M_PUB_ALL__e8__s20260927.log,raw/LIB_YWDIXVZCRMMQQY__M_PUB_ALL__e8__s20260927/LIB_YWDIXVZCRMMQQY__M_PUB_ALL__e8__s20260927_export.log,pending,"[""<SOURCE_PROJECT>\\接管推进_2026-09-27\\01_计算筛选\\tools\\vina_1.2.7_win.exe"", ""--receptor"", ""<SOURCE_PROJECT>\\接管推进_2026-09-27\\01_计算筛选\\screen_v2\\inputs\\receptors\\M_PUB_ALL.pdbqt"", ""--ligand"", ""<PRIVATE_COMPUTE_ROOT>\\TMC1_R2_Scratch_20260929\\03_compute\\formal_forward_v2_resume124\\ligands\\LIB_YWDIXVZCRMMQQY.pdbqt"", ""--config"", ""<SOURCE_PROJECT>\\接管推进_2026-09-27\\01_计算筛选\\coarse_v1\\config\\vina_box.txt"", ""--scoring"", ""vina"", ""--exhaustiveness"", ""8"", ""--num_modes"", ""9"", ""--energy_range"", ""3.0"", ""--cpu"", ""2"", ""--seed"", ""20260927"", ""--out"", ""<PRIVATE_COMPUTE_ROOT>\\TMC1_R2_Scratch_20260929\\03_compute\\formal_forward_v2_resume124\\poses\\LIB_YWDIXVZCRMMQQY__M_PUB_ALL__e8__s20260927.pdbqt""]",2026-09-29T00:31:23.643954+00:00,0,completed,-10.075,9,4df970552daefece93ff1b39b09284bced7bbe3d878aff8f6d1089bc9ac1c2c4,36,2.9306337198633323,0,2.6159,0,raw/LIB_YWDIXVZCRMMQQY__M_PUB_ALL__e8__s20260927/LIB_YWDIXVZCRMMQQY__M_PUB_ALL__e8__s20260927.sdf,f343d3dbd35db6dfe3c87c1747fab211dbce1582f64e79f58f3a6b561a96684b,True,49.658,2026-09-29T00:32:13.302214+00:00,reused_R2_candidate,True,e30e0d690f17863b52245255fd60bb9bed57fedfd504c3d2dcc54566be760f09,f7edc3ea484c46681345431e41dc1dbb5afef1271583a01462d67d6089de1da0,d2486c778ff4beb7a33c2f27ece40ba2e77d46143dfabaf7b41e6bf85e0b112b,True,,,,,,,,,,,,,,,,,,,,,
LIB_YWDIXVZCRMMQQY,ChEMBL,CHEMBL1079964,CHEMBL1079964,https://www.ebi.ac.uk/chembl/compound_report_card/CHEMBL1079964/,O=C(Nc1cccc(-c2cn3ccnc3c(Nc3ccccc3)n2)c1)Nc1cccc(C(F)(F)F)c1,O=C(Nc1cccc(-c2cn3ccnc3c(Nc3ccccc3)n2)c1)Nc1cccc(C(F)(F)F)c1,O=C(Nc1cccc(-c2cn3ccnc3c(Nc3ccccc3)n2)c1)Nc1cccc(C(F)(F)F)c1,YWDIXVZCRMMQQY-UHFFFAOYSA-N,YWDIXVZCRMMQQY,eligible,488.473,6.803,83.35,3,4,5,36,5,0.254,0,1,1,False,predicted,eligible,False,[],1,O=C(Nc1cccc(-c2cn3ccnc3c(Nc3ccccc3)n2)c1)Nc1cccc(C(F)(F)F)c1,YWDIXVZCRMMQQY-UHFFFAOYSA-N,False,[],[],False,False,O=C(Nc1ccccc1)Nc1cccc(-c2cn3ccnc3c(Nc3ccccc3)n2)c1,-8.377592086791992,-8.26765251159668,0.6142598390579224,0.25274725274725274,True,,2026-09-29T01:35:16.689127+00:00,O=C(Nc1cccc(-c2cn3ccnc3c(Nc3ccccc3)n2)c1)Nc1cccc(C(F)(F)F)c1,YWDIXVZCRMMQQY-UHFFFAOYSA-N,YWDIXVZCRMMQQY-UHFFFAOYSA-N,[],[],exchangeable_tertiary_ring_NH_and_full_potential_stereo_v3_20260929,10,10,12.949177459859921,7,O=C(Nc1cccc(-c2cn3ccnc3c(Nc3ccccc3)n2)c1)Nc1cccc(C(F)(F)F)c1,True,True,O=C(Nc1cccc(-c2cn3ccnc3c(Nc3ccccc3)n2)c1)Nc1cccc(C(F)(F)F)c1,True,True,prepared,raw/LIB_YWDIXVZCRMMQQY__H_AF__e8__s20260927/LIB_YWDIXVZCRMMQQY.sdf,9066eb72bdcdf2dd829c84594e2f1b4573e4b8615eeb5d1cdaa980e7eee07145,raw/LIB_YWDIXVZCRMMQQY__H_AF__e8__s20260927/LIB_YWDIXVZCRMMQQY.pdbqt,e8688b37612138bb41cab65d4696d4a0d6bb841154c94cf18b69a56c2745c3eb,0.988,LIB_YWDIXVZCRMMQQY__H_AF__e8__s20260927,H_AF,"human TMC1 predicted structure, aligned",False,"author computational model, static",literature-informed middle-region pose,unknown,unverified,AutoDock Vina 1.2.7,"Vina docking score, not MMGBSA",20260927,8,9,3.0,2,external_receptors/H_AF.pdbqt,35b4acccd44a5c2c5c8aa7e756abe26c081018a2c26d0899190751c23392f2c1,protocol/human_vina_box.txt,3e4c7eb2c313edbe496068c9fb17790e7ca746567519836ed46131e5e7570d49,table6_middle_15_common_union,"[2.3955, -12.9641, 0.9145]","[37.687, 31.3744, 31.1908]",raw/LIB_YWDIXVZCRMMQQY__H_AF__e8__s20260927/LIB_YWDIXVZCRMMQQY__H_AF__e8__s20260927.pdbqt,raw/LIB_YWDIXVZCRMMQQY__H_AF__e8__s20260927/LIB_YWDIXVZCRMMQQY__H_AF__e8__s20260927.log,raw/LIB_YWDIXVZCRMMQQY__H_AF__e8__s20260927/LIB_YWDIXVZCRMMQQY__H_AF__e8__s20260927_export.log,pending,"[""<SOURCE_PROJECT>\\接管推进_2026-09-27\\01_计算筛选\\tools\\vina_1.2.7_win.exe"", ""--receptor"", ""<SOURCE_PROJECT>\\接管推进_2026-09-27\\01_计算筛选\\screen_v2\\inputs\\receptors\\H_AF.pdbqt"", ""--ligand"", ""<PRIVATE_COMPUTE_ROOT>\\TMC1_R2_Scratch_20260929\\03_compute\\formal_confirmation_H_AF_seed27\\ligands\\LIB_YWDIXVZCRMMQQY.pdbqt"", ""--config"", ""<SOURCE_PROJECT>\\接管推进_2026-09-27\\01_计算筛选\\coarse_v1\\config\\vina_box.txt"", ""--scoring"", ""vina"", ""--exhaustiveness"", ""8"", ""--num_modes"", ""9"", ""--energy_range"", ""3.0"", ""--cpu"", ""2"", ""--seed"", ""20260927"", ""--out"", ""<PRIVATE_COMPUTE_ROOT>\\TMC1_R2_Scratch_20260929\\03_compute\\formal_confirmation_H_AF_seed27\\poses\\LIB_YWDIXVZCRMMQQY__H_AF__e8__s20260927.pdbqt""]",2026-09-29T01:35:24.214833+00:00,0,completed,-10.616,9,e177618b0c93c7a6177159dd740394789126bdd3aa850ff0a2c5d5ad925e06ab,36,2.943680689205268,0,6.883900000000001,0,raw/LIB_YWDIXVZCRMMQQY__H_AF__e8__s20260927/LIB_YWDIXVZCRMMQQY__H_AF__e8__s20260927.sdf,020e675abfb9680c19be558fda8d80021ed5f9931d72bf11e35d81b2277594f6,True,1305.412,2026-09-29T01:57:09.627881+00:00,reused_R2_candidate,True,08e99e4593c6576b24cafc471309428ea3949061c2164881dc673a3c2d2541a4,d76c924240ad851e991e4751c3fb1a9abbc1872a9c5e6ff40d529449c7a8bd01,d9031365aeb789c7c9902e80e7def2edc6f0c4270e98e30a6331467778c307aa,True,1,1,-10.075,3.3037943337925864,2.6159,,,,,,,,,,,,,,,,
LIB_MYAFDHCCQBIZLC,ChEMBL,CHEMBL1080362,CHEMBL1080362,https://www.ebi.ac.uk/chembl/compound_report_card/CHEMBL1080362/,O=C(Nc1cccc(-c2cn3ccnc3c(NCc3ccccc3)n2)c1)Nc1cccc(C(F)(F)F)c1,O=C(Nc1cccc(-c2cn3ccnc3c(NCc3ccccc3)n2)c1)Nc1cccc(C(F)(F)F)c1,O=C(Nc1cccc(-c2cn3ccnc3c(NCc3ccccc3)n2)c1)Nc1cccc(C(F)(F)F)c1,MYAFDHCCQBIZLC-UHFFFAOYSA-N,MYAFDHCCQBIZLC,eligible,502.5,6.671,83.35,3,4,6,37,5,0.2422,0,1,1,False,predicted,eligible,False,[],1,O=C(Nc1cccc(-c2cn3ccnc3c(NCc3ccccc3)n2)c1)Nc1cccc(C(F)(F)F)c1,MYAFDHCCQBIZLC-UHFFFAOYSA-N,False,[],[],False,False,O=C(Nc1ccccc1)Nc1cccc(-c2cn3ccnc3c(NCc3ccccc3)n2)c1,-8.356282234191895,-8.165573120117188,0.5595621466636658,0.2727272727272727,True,,2026-09-29T00:43:29.534923+00:00,O=C(Nc1cccc(-c2cn3ccnc3c(NCc3ccccc3)n2)c1)Nc1cccc(C(F)(F)F)c1,MYAFDHCCQBIZLC-UHFFFAOYSA-N,MYAFDHCCQBIZLC-UHFFFAOYSA-N,[],[],exchangeable_tertiary_ring_NH_and_full_potential_stereo_v3_20260929,9,9,-2.636665684898908,0,O=C(Nc1cccc(-c2cn3ccnc3c(NCc3ccccc3)n2)c1)Nc1cccc(C(F)(F)F)c1,True,True,O=C(Nc1cccc(-c2cn3ccnc3c(NCc3ccccc3)n2)c1)Nc1cccc(C(F)(F)F)c1,True,True,prepared,raw/LIB_MYAFDHCCQBIZLC__M_PUB_ALL__e8__s20260927/LIB_MYAFDHCCQBIZLC.sdf,7299c8a6d31fd889d1d494bcf84f45016677c8ce65a1db849bc7842c63f36af1,raw/LIB_MYAFDHCCQBIZLC__M_PUB_ALL__e8__s20260927/LIB_MYAFDHCCQBIZLC.pdbqt,2f1a28777fd01b65f19cb0d0d7602651b21dd3c29f359a29fdf0f3b04211b237,1.359,LIB_MYAFDHCCQBIZLC__M_PUB_ALL__e8__s20260927,M_PUB_ALL,mouse TMC1-CIB2-TMIE six-protein complex,False,"author computational model, static",literature-informed middle-region pose,unknown,unverified,AutoDock Vina 1.2.7,"Vina docking score, not MMGBSA",20260927,8,9,3.0,2,external_receptors/M_PUB_ALL.pdbqt,c024cc9efaf910ac11642cea4a4c701a0a88a335d7deb0d040320516d5a2eda1,protocol/human_vina_box.txt,3e4c7eb2c313edbe496068c9fb17790e7ca746567519836ed46131e5e7570d49,table6_middle_15_common_union,"[2.3955, -12.9641, 0.9145]","[37.687, 31.3744, 31.1908]",raw/LIB_MYAFDHCCQBIZLC__M_PUB_ALL__e8__s20260927/LIB_MYAFDHCCQBIZLC__M_PUB_ALL__e8__s20260927.pdbqt,raw/LIB_MYAFDHCCQBIZLC__M_PUB_ALL__e8__s20260927/LIB_MYAFDHCCQBIZLC__M_PUB_ALL__e8__s20260927.log,raw/LIB_MYAFDHCCQBIZLC__M_PUB_ALL__e8__s20260927/LIB_MYAFDHCCQBIZLC__M_PUB_ALL__e8__s20260927_export.log,pending,"[""<SOURCE_PROJECT>\\接管推进_2026-09-27\\01_计算筛选\\tools\\vina_1.2.7_win.exe"", ""--receptor"", ""<SOURCE_PROJECT>\\接管推进_2026-09-27\\01_计算筛选\\screen_v2\\inputs\\receptors\\M_PUB_ALL.pdbqt"", ""--ligand"", ""<PRIVATE_COMPUTE_ROOT>\\TMC1_R2_Scratch_20260929\\03_compute\\formal_forward_v2_active_new\\ligands\\LIB_MYAFDHCCQBIZLC.pdbqt"", ""--config"", ""<SOURCE_PROJECT>\\接管推进_2026-09-27\\01_计算筛选\\coarse_v1\\config\\vina_box.txt"", ""--scoring"", ""vina"", ""--exhaustiveness"", ""8"", ""--num_modes"", ""9"", ""--energy_range"", ""3.0"", ""--cpu"", ""2"", ""--seed"", ""20260927"", ""--out"", ""<PRIVATE_COMPUTE_ROOT>\\TMC1_R2_Scratch_20260929\\03_compute\\formal_forward_v2_active_new\\poses\\LIB_MYAFDHCCQBIZLC__M_PUB_ALL__e8__s20260927.pdbqt""]",2026-09-29T00:44:31.711528+00:00,0,completed,-10.066,9,6a27880ea6119d16325c1c14fd5c519b5ab70c6e10cc8337c8daf7cc9936b1ff,37,2.898412324014648,0,2.6308999999999987,0,raw/LIB_MYAFDHCCQBIZLC__M_PUB_ALL__e8__s20260927/LIB_MYAFDHCCQBIZLC__M_PUB_ALL__e8__s20260927.sdf,9c8db65fd60cbd45f169393740263e478ebc55bd336ec9e754f158f450423789,True,74.85,2026-09-29T00:45:46.561788+00:00,reused_R2_candidate,True,6b444c492f532eb9acec538a4f64016aa776765bc230ea62a8c3105aa2c61c35,2ba952b4e2fe94ec1d522e0d041d6c1b1a822f229298ea7580dd23f61bb497c6,b97eb752d314808f94d98630aca0b70588c55c9b78615cf9c8e0c41b7ee735d1,True,,,,,,AI_active,61,-9.86901569366455,0.5147626996040344,-10.126397132873535,,,,,,,,,,,
LIB_MYAFDHCCQBIZLC,ChEMBL,CHEMBL1080362,CHEMBL1080362,https://www.ebi.ac.uk/chembl/compound_report_card/CHEMBL1080362/,O=C(Nc1cccc(-c2cn3ccnc3c(NCc3ccccc3)n2)c1)Nc1cccc(C(F)(F)F)c1,O=C(Nc1cccc(-c2cn3ccnc3c(NCc3ccccc3)n2)c1)Nc1cccc(C(F)(F)F)c1,O=C(Nc1cccc(-c2cn3ccnc3c(NCc3ccccc3)n2)c1)Nc1cccc(C(F)(F)F)c1,MYAFDHCCQBIZLC-UHFFFAOYSA-N,MYAFDHCCQBIZLC,eligible,502.5,6.671,83.35,3,4,6,37,5,0.2422,0,1,1,False,predicted,eligible,False,[],1,O=C(Nc1cccc(-c2cn3ccnc3c(NCc3ccccc3)n2)c1)Nc1cccc(C(F)(F)F)c1,MYAFDHCCQBIZLC-UHFFFAOYSA-N,False,[],[],False,False,O=C(Nc1ccccc1)Nc1cccc(-c2cn3ccnc3c(NCc3ccccc3)n2)c1,-8.356282234191895,-8.165573120117188,0.5595621466636658,0.2727272727272727,True,,2026-09-29T01:35:17.678116+00:00,O=C(Nc1cccc(-c2cn3ccnc3c(NCc3ccccc3)n2)c1)Nc1cccc(C(F)(F)F)c1,MYAFDHCCQBIZLC-UHFFFAOYSA-N,MYAFDHCCQBIZLC-UHFFFAOYSA-N,[],[],exchangeable_tertiary_ring_NH_and_full_potential_stereo_v3_20260929,9,9,-2.636665684898908,0,O=C(Nc1cccc(-c2cn3ccnc3c(NCc3ccccc3)n2)c1)Nc1cccc(C(F)(F)F)c1,True,True,O=C(Nc1cccc(-c2cn3ccnc3c(NCc3ccccc3)n2)c1)Nc1cccc(C(F)(F)F)c1,True,True,prepared,raw/LIB_MYAFDHCCQBIZLC__H_AF__e8__s20260927/LIB_MYAFDHCCQBIZLC.sdf,7299c8a6d31fd889d1d494bcf84f45016677c8ce65a1db849bc7842c63f36af1,raw/LIB_MYAFDHCCQBIZLC__H_AF__e8__s20260927/LIB_MYAFDHCCQBIZLC.pdbqt,2f1a28777fd01b65f19cb0d0d7602651b21dd3c29f359a29fdf0f3b04211b237,1.096,LIB_MYAFDHCCQBIZLC__H_AF__e8__s20260927,H_AF,"human TMC1 predicted structure, aligned",False,"author computational model, static",literature-informed middle-region pose,unknown,unverified,AutoDock Vina 1.2.7,"Vina docking score, not MMGBSA",20260927,8,9,3.0,2,external_receptors/H_AF.pdbqt,35b4acccd44a5c2c5c8aa7e756abe26c081018a2c26d0899190751c23392f2c1,protocol/human_vina_box.txt,3e4c7eb2c313edbe496068c9fb17790e7ca746567519836ed46131e5e7570d49,table6_middle_15_common_union,"[2.3955, -12.9641, 0.9145]","[37.687, 31.3744, 31.1908]",raw/LIB_MYAFDHCCQBIZLC__H_AF__e8__s20260927/LIB_MYAFDHCCQBIZLC__H_AF__e8__s20260927.pdbqt,raw/LIB_MYAFDHCCQBIZLC__H_AF__e8__s20260927/LIB_MYAFDHCCQBIZLC__H_AF__e8__s20260927.log,raw/LIB_MYAFDHCCQBIZLC__H_AF__e8__s20260927/LIB_MYAFDHCCQBIZLC__H_AF__e8__s20260927_export.log,pending,"[""<SOURCE_PROJECT>\\接管推进_2026-09-27\\01_计算筛选\\tools\\vina_1.2.7_win.exe"", ""--receptor"", ""<SOURCE_PROJECT>\\接管推进_2026-09-27\\01_计算筛选\\screen_v2\\inputs\\receptors\\H_AF.pdbqt"", ""--ligand"", ""<PRIVATE_COMPUTE_ROOT>\\TMC1_R2_Scratch_20260929\\03_compute\\formal_confirmation_H_AF_seed27\\ligands\\LIB_MYAFDHCCQBIZLC.pdbqt"", ""--config"", ""<SOURCE_PROJECT>\\接管推进_2026-09-27\\01_计算筛选\\coarse_v1\\config\\vina_box.txt"", ""--scoring"", ""vina"", ""--exhaustiveness"", ""8"", ""--num_modes"", ""9"", ""--energy_range"", ""3.0"", ""--cpu"", ""2"", ""--seed"", ""20260927"", ""--out"", ""<PRIVATE_COMPUTE_ROOT>\\TMC1_R2_Scratch_20260929\\03_compute\\formal_confirmation_H_AF_seed27\\poses\\LIB_MYAFDHCCQBIZLC__H_AF__e8__s20260927.pdbqt""]",2026-09-29T01:35:24.217219+00:00,0,completed,-10.663,9,857fee70cfb79c57a6e048fc3dad2ec0af11d24a5be50847fe17d0e4e6df0fc0,37,3.063094840190228,0,6.630899999999999,0,raw/LIB_MYAFDHCCQBIZLC__H_AF__e8__s20260927/LIB_MYAFDHCCQBIZLC__H_AF__e8__s20260927.sdf,1d3e658f7d1d0983cb76cab8b6484f798c20bf663c759512dd0cb2293e786d95,True,1309.395,2026-09-29T01:57:13.612596+00:00,reused_R2_candidate,True,b68e689687f08880350390a3669833193cc3602f76b83388980037d95af043f3,5f31e0536637d987d99d6390f6d7afb69f2eda8670b997d60a4cb0d44bb1a65f,d5bb1634c34ff775b4142dc374da4f6a6e203257938c8cc8342c5ca46292606b,True,2,1,-10.066,3.289987537970319,2.6308999999999987,,,,,,,,,,,,,,,,
LIB_ZNDXPRCORYDEAP,ChEMBL,CHEMBL1081740,CHEMBL1081740,https://www.ebi.ac.uk/chembl/compound_report_card/CHEMBL1081740/,O=C(Nc1cccc(-c2cn3ccnc3c(NCc3ccncc3)n2)c1)Nc1ccc(F)c(C(F)(F)F)c1,O=C(Nc1cccc(-c2cn3ccnc3c(NCc3ccncc3)n2)c1)Nc1ccc(F)c(C(F)(F)F)c1,O=C(Nc1cccc(-c2cn3ccnc3c(NCc3ccncc3)n2)c1)Nc1ccc(F)c(C(F)(F)F)c1,ZNDXPRCORYDEAP-UHFFFAOYSA-N,ZNDXPRCORYDEAP,eligible,521.478,6.205,96.24,3,5,6,38,5,0.2312,0,1,1,False,predicted,eligible,False,[],1,O=C(Nc1cccc(-c2cn3ccnc3c(NCc3ccncc3)n2)c1)Nc1ccc(F)c(C(F)(F)F)c1,ZNDXPRCORYDEAP-UHFFFAOYSA-N,False,[],[],False,False,O=C(Nc1ccccc1)Nc1cccc(-c2cn3ccnc3c(NCc3ccncc3)n2)c1,-8.415785789489746,-8.167440414428711,0.5322830677032471,0.29347826086956524,True,,2026-09-29T00:44:05.216722+00:00,O=C(Nc1cccc(-c2cn3ccnc3c(NCc3ccncc3)n2)c1)Nc1ccc(F)c(C(F)(F)F)c1,ZNDXPRCORYDEAP-UHFFFAOYSA-N,ZNDXPRCORYDEAP-UHFFFAOYSA-N,[],[],exchangeable_tertiary_ring_NH_and_full_potential_stereo_v3_20260929,8,8,-32.993819256482595,5,O=C(Nc1cccc(-c2cn3ccnc3c(NCc3ccncc3)n2)c1)Nc1ccc(F)c(C(F)(F)F)c1,True,True,O=C(Nc1cccc(-c2cn3ccnc3c(NCc3ccncc3)n2)c1)Nc1ccc(F)c(C(F)(F)F)c1,True,True,prepared,raw/LIB_ZNDXPRCORYDEAP__M_PUB_ALL__e8__s20260927/LIB_ZNDXPRCORYDEAP.sdf,1e5db1236b1e77d3404fd907a56a5439558fc51af2414bdfcedbdd44bdfe2cc5,raw/LIB_ZNDXPRCORYDEAP__M_PUB_ALL__e8__s20260927/LIB_ZNDXPRCORYDEAP.pdbqt,91bd8ffee0d4c23c2311c072dce815fedacb0a0e6212fa62aa4e8bba3d08384d,0.942,LIB_ZNDXPRCORYDEAP__M_PUB_ALL__e8__s20260927,M_PUB_ALL,mouse TMC1-CIB2-TMIE six-protein complex,False,"author computational model, static",literature-informed middle-region pose,unknown,unverified,AutoDock Vina 1.2.7,"Vina docking score, not MMGBSA",20260927,8,9,3.0,2,external_receptors/M_PUB_ALL.pdbqt,c024cc9efaf910ac11642cea4a4c701a0a88a335d7deb0d040320516d5a2eda1,protocol/human_vina_box.txt,3e4c7eb2c313edbe496068c9fb17790e7ca746567519836ed46131e5e7570d49,table6_middle_15_common_union,"[2.3955, -12.9641, 0.9145]","[37.687, 31.3744, 31.1908]",raw/LIB_ZNDXPRCORYDEAP__M_PUB_ALL__e8__s20260927/LIB_ZNDXPRCORYDEAP__M_PUB_ALL__e8__s20260927.pdbqt,raw/LIB_ZNDXPRCORYDEAP__M_PUB_ALL__e8__s20260927/LIB_ZNDXPRCORYDEAP__M_PUB_ALL__e8__s20260927.log,raw/LIB_ZNDXPRCORYDEAP__M_PUB_ALL__e8__s20260927/LIB_ZNDXPRCORYDEAP__M_PUB_ALL__e8__s20260927_export.log,pending,"[""<SOURCE_PROJECT>\\接管推进_2026-09-27\\01_计算筛选\\tools\\vina_1.2.7_win.exe"", ""--receptor"", ""<SOURCE_PROJECT>\\接管推进_2026-09-27\\01_计算筛选\\screen_v2\\inputs\\receptors\\M_PUB_ALL.pdbqt"", ""--ligand"", ""<PRIVATE_COMPUTE_ROOT>\\TMC1_R2_Scratch_20260929\\03_compute\\formal_forward_v2_active_new\\ligands\\LIB_ZNDXPRCORYDEAP.pdbqt"", ""--config"", ""<SOURCE_PROJECT>\\接管推进_2026-09-27\\01_计算筛选\\coarse_v1\\config\\vina_box.txt"", ""--scoring"", ""vina"", ""--exhaustiveness"", ""8"", ""--num_modes"", ""9"", ""--energy_range"", ""3.0"", ""--cpu"", ""2"", ""--seed"", ""20260927"", ""--out"", ""<PRIVATE_COMPUTE_ROOT>\\TMC1_R2_Scratch_20260929\\03_compute\\formal_forward_v2_active_new\\poses\\LIB_ZNDXPRCORYDEAP__M_PUB_ALL__e8__s20260927.pdbqt""]",2026-09-29T00:53:21.311840+00:00,0,completed,-10.049,9,497c0f7e552e613bd720d95d710430c45eecb583bbc8dd9e2a8d4ad504018a13,38,2.9525936056287856,0,2.5798999999999985,0,raw/LIB_ZNDXPRCORYDEAP__M_PUB_ALL__e8__s20260927/LIB_ZNDXPRCORYDEAP__M_PUB_ALL__e8__s20260927.sdf,7b16d878580e3ed359e0d3ca6ad5ad3ef744ab09e6e65baa0d677299a8a25dbc,True,70.732,2026-09-29T00:54:32.044645+00:00,reused_R2_candidate,True,4b4b501cc50990c868776a33a1e3d410bbdd8c3b18f150a36387b5960615d2a9,637dbfc2dbd6a49a80a9d335b495df92558d51beabe5b5e89f92bed08e353384,99dd1dbcbc31d222f8c1fe21d7f4795dacd1f9b58d8e315e13e3d607b3a217a9,True,,,,,,AI_active,97,-9.26551628112793,0.7075817584991455,-9.619307518005371,,,,,,,,,,,
LIB_ZNDXPRCORYDEAP,ChEMBL,CHEMBL1081740,CHEMBL1081740,https://www.ebi.ac.uk/chembl/compound_report_card/CHEMBL1081740/,O=C(Nc1cccc(-c2cn3ccnc3c(NCc3ccncc3)n2)c1)Nc1ccc(F)c(C(F)(F)F)c1,O=C(Nc1cccc(-c2cn3ccnc3c(NCc3ccncc3)n2)c1)Nc1ccc(F)c(C(F)(F)F)c1,O=C(Nc1cccc(-c2cn3ccnc3c(NCc3ccncc3)n2)c1)Nc1ccc(F)c(C(F)(F)F)c1,ZNDXPRCORYDEAP-UHFFFAOYSA-N,ZNDXPRCORYDEAP,eligible,521.478,6.205,96.24,3,5,6,38,5,0.2312,0,1,1,False,predicted,eligible,False,[],1,O=C(Nc1cccc(-c2cn3ccnc3c(NCc3ccncc3)n2)c1)Nc1ccc(F)c(C(F)(F)F)c1,ZNDXPRCORYDEAP-UHFFFAOYSA-N,False,[],[],False,False,O=C(Nc1ccccc1)Nc1cccc(-c2cn3ccnc3c(NCc3ccncc3)n2)c1,-8.415785789489746,-8.167440414428711,0.5322830677032471,0.29347826086956524,True,,2026-09-29T01:35:18.774499+00:00,O=C(Nc1cccc(-c2cn3ccnc3c(NCc3ccncc3)n2)c1)Nc1ccc(F)c(C(F)(F)F)c1,ZNDXPRCORYDEAP-UHFFFAOYSA-N,ZNDXPRCORYDEAP-UHFFFAOYSA-N,[],[],exchangeable_tertiary_ring_NH_and_full_potential_stereo_v3_20260929,8,8,-32.993819256482595,5,O=C(Nc1cccc(-c2cn3ccnc3c(NCc3ccncc3)n2)c1)Nc1ccc(F)c(C(F)(F)F)c1,True,True,O=C(Nc1cccc(-c2cn3ccnc3c(NCc3ccncc3)n2)c1)Nc1ccc(F)c(C(F)(F)F)c1,True,True,prepared,raw/LIB_ZNDXPRCORYDEAP__H_AF__e8__s20260927/LIB_ZNDXPRCORYDEAP.sdf,1e5db1236b1e77d3404fd907a56a5439558fc51af2414bdfcedbdd44bdfe2cc5,raw/LIB_ZNDXPRCORYDEAP__H_AF__e8__s20260927/LIB_ZNDXPRCORYDEAP.pdbqt,91bd8ffee0d4c23c2311c072dce815fedacb0a0e6212fa62aa4e8bba3d08384d,0.943,LIB_ZNDXPRCORYDEAP__H_AF__e8__s20260927,H_AF,"human TMC1 predicted structure, aligned",False,"author computational model, static",literature-informed middle-region pose,unknown,unverified,AutoDock Vina 1.2.7,"Vina docking score, not MMGBSA",20260927,8,9,3.0,2,external_receptors/H_AF.pdbqt,35b4acccd44a5c2c5c8aa7e756abe26c081018a2c26d0899190751c23392f2c1,protocol/human_vina_box.txt,3e4c7eb2c313edbe496068c9fb17790e7ca746567519836ed46131e5e7570d49,table6_middle_15_common_union,"[2.3955, -12.9641, 0.9145]","[37.687, 31.3744, 31.1908]",raw/LIB_ZNDXPRCORYDEAP__H_AF__e8__s20260927/LIB_ZNDXPRCORYDEAP__H_AF__e8__s20260927.pdbqt,raw/LIB_ZNDXPRCORYDEAP__H_AF__e8__s20260927/LIB_ZNDXPRCORYDEAP__H_AF__e8__s20260927.log,raw/LIB_ZNDXPRCORYDEAP__H_AF__e8__s20260927/LIB_ZNDXPRCORYDEAP__H_AF__e8__s20260927_export.log,pending,"[""<SOURCE_PROJECT>\\接管推进_2026-09-27\\01_计算筛选\\tools\\vina_1.2.7_win.exe"", ""--receptor"", ""<SOURCE_PROJECT>\\接管推进_2026-09-27\\01_计算筛选\\screen_v2\\inputs\\receptors\\H_AF.pdbqt"", ""--ligand"", ""<PRIVATE_COMPUTE_ROOT>\\TMC1_R2_Scratch_20260929\\03_compute\\formal_confirmation_H_AF_seed27\\ligands\\LIB_ZNDXPRCORYDEAP.pdbqt"", ""--config"", ""<SOURCE_PROJECT>\\接管推进_2026-09-27\\01_计算筛选\\coarse_v1\\config\\vina_box.txt"", ""--scoring"", ""vina"", ""--exhaustiveness"", ""8"", ""--num_modes"", ""9"", ""--energy_range"", ""3.0"", ""--cpu"", ""2"", ""--seed"", ""20260927"", ""--out"", ""<PRIVATE_COMPUTE_ROOT>\\TMC1_R2_Scratch_20260929\\03_compute\\formal_confirmation_H_AF_seed27\\poses\\LIB_ZNDXPRCORYDEAP__H_AF__e8__s20260927.pdbqt""]",2026-09-29T01:35:24.219218+00:00,0,completed,-10.923,9,17d6287958374c85473ce6a2ddb611b711c20187cfc2c11d636bb8dd174bc33d,38,3.0850542944979105,0,8.168999999999999,0,raw/LIB_ZNDXPRCORYDEAP__H_AF__e8__s20260927/LIB_ZNDXPRCORYDEAP__H_AF__e8__s20260927.sdf,876b5a24d4373726121a6c5f943e7da3f28d3c879dc1b2e89934717db224a910,True,1306.67,2026-09-29T01:57:10.889458+00:00,reused_R2_candidate,True,75ff9b97d2b90a320403919753bea33dd54e72e25fba15b60fa900a9d74acf8f,5265ceee4cd74b2f45e4ecf237951df6a7d87c26e6cde3e7134eca2ebbbf2928,f75e2437dc422624955df75177df7c0a5193b371e5b956774b337b7b6b46514f,True,3,1,-10.049,3.1704330934432288,2.5798999999999985,,,,,,,,,,,,,,,,
LIB_FCRHJSNRFAAYQD,ChEMBL,CHEMBL1080669,CHEMBL1080669,https://www.ebi.ac.uk/chembl/compound_report_card/CHEMBL1080669/,O=C(Nc1cccc(Oc2ccccc2)c1)Nc1cccc(-c2cn3ccnc3c(NCc3ccncc3)n2)c1,O=C(Nc1cccc(Oc2ccccc2)c1)Nc1cccc(-c2cn3ccnc3c(NCc3ccncc3)n2)c1,O=C(Nc1cccc(Oc2ccccc2)c1)Nc1cccc(-c2cn3ccnc3c(NCc3ccncc3)n2)c1,FCRHJSNRFAAYQD-UHFFFAOYSA-N,FCRHJSNRFAAYQD,eligible,527.588,6.84,105.47,3,6,8,40,6,0.2001,0,1,1,False,predicted,eligible,False,[],1,O=C(Nc1cccc(Oc2ccccc2)c1)Nc1cccc(-c2cn3ccnc3c(NCc3ccncc3)n2)c1,FCRHJSNRFAAYQD-UHFFFAOYSA-N,False,[],[],False,False,O=C(Nc1cccc(Oc2ccccc2)c1)Nc1cccc(-c2cn3ccnc3c(NCc3ccncc3)n2)c1,-8.442765235900879,-8.132245063781738,0.6366820335388184,0.26506024096385544,True,descriptor_ridge,2026-09-28T20:43:38.912481+00:00,O=C(Nc1cccc(Oc2ccccc2)c1)Nc1cccc(-c2cn3ccnc3c(NCc3ccncc3)n2)c1,FCRHJSNRFAAYQD-UHFFFAOYSA-N,FCRHJSNRFAAYQD-UHFFFAOYSA-N,[],[],exchangeable_tertiary_ring_NH_and_full_potential_stereo_v3_20260929,10,10,-5.674219940209845,5,O=C(Nc1cccc(Oc2ccccc2)c1)Nc1cccc(-c2cn3ccnc3c(NCc3ccncc3)n2)c1,True,True,O=C(Nc1cccc(Oc2ccccc2)c1)Nc1cccc(-c2cn3ccnc3c(NCc3ccncc3)n2)c1,True,True,prepared,raw/LIB_FCRHJSNRFAAYQD__M_PUB_ALL__e8__s20260927/LIB_FCRHJSNRFAAYQD.sdf,7824282b3596d52c56a87a6aa0777c4d612e12b4eb8b6b04bcd58e8e04063fe3,raw/LIB_FCRHJSNRFAAYQD__M_PUB_ALL__e8__s20260927/LIB_FCRHJSNRFAAYQD.pdbqt,32323dbb9feed742a641b83bdb73ae8801b78e2d45bf1c32526e664cbdbe4960,1.251,LIB_FCRHJSNRFAAYQD__M_PUB_ALL__e8__s20260927,M_PUB_ALL,mouse TMC1-CIB2-TMIE six-protein complex,False,"author computational model, static",literature-informed middle-region pose,unknown,unverified,AutoDock Vina 1.2.7,"Vina docking score, not MMGBSA",20260927,8,9,3.0,2,external_receptors/M_PUB_ALL.pdbqt,c024cc9efaf910ac11642cea4a4c701a0a88a335d7deb0d040320516d5a2eda1,protocol/human_vina_box.txt,3e4c7eb2c313edbe496068c9fb17790e7ca746567519836ed46131e5e7570d49,table6_middle_15_common_union,"[2.3955, -12.9641, 0.9145]","[37.687, 31.3744, 31.1908]",raw/LIB_FCRHJSNRFAAYQD__M_PUB_ALL__e8__s20260927/LIB_FCRHJSNRFAAYQD__M_PUB_ALL__e8__s20260927.pdbqt,raw/LIB_FCRHJSNRFAAYQD__M_PUB_ALL__e8__s20260927/LIB_FCRHJSNRFAAYQD__M_PUB_ALL__e8__s20260927.log,raw/LIB_FCRHJSNRFAAYQD__M_PUB_ALL__e8__s20260927/LIB_FCRHJSNRFAAYQD__M_PUB_ALL__e8__s20260927_export.log,pending,"[""<SOURCE_PROJECT>\\接管推进_2026-09-27\\01_计算筛选\\tools\\vina_1.2.7_win.exe"", ""--receptor"", ""<SOURCE_PROJECT>\\接管推进_2026-09-27\\01_计算筛选\\screen_v2\\inputs\\receptors\\M_PUB_ALL.pdbqt"", ""--ligand"", ""<PRIVATE_COMPUTE_ROOT>\\TMC1_R2_Scratch_20260929\\03_compute\\formal_forward_v2_resume124\\ligands\\LIB_FCRHJSNRFAAYQD.pdbqt"", ""--config"", ""<SOURCE_PROJECT>\\接管推进_2026-09-27\\01_计算筛选\\coarse_v1\\config\\vina_box.txt"", ""--scoring"", ""vina"", ""--exhaustiveness"", ""8"", ""--num_modes"", ""9"", ""--energy_range"", ""3.0"", ""--cpu"", ""2"", ""--seed"", ""20260927"", ""--out"", ""<PRIVATE_COMPUTE_ROOT>\\TMC1_R2_Scratch_20260929\\03_compute\\formal_forward_v2_resume124\\poses\\LIB_FCRHJSNRFAAYQD__M_PUB_ALL__e8__s20260927.pdbqt""]",2026-09-29T00:10:15.923593+00:00,0,completed,-10.019,9,1b3777bf43b77932b999651d30ee5846b9e824ec8dc055a2aebe64ace7efec2a,40,3.247232206048715,0,2.899899999999999,0,raw/LIB_FCRHJSNRFAAYQD__M_PUB_ALL__e8__s20260927/LIB_FCRHJSNRFAAYQD__M_PUB_ALL__e8__s20260927.sdf,c24a49e30fea0e7ff414f5ae9a285d307eedc29874799961b24ea4a96de8ceef,True,109.285,2026-09-29T00:12:05.208769+00:00,reused_R2_candidate,True,8b457717505f89ea18317f0faf8281e7fa06c6e434bdcf23500a937bd45302a4,e479c5bd44fa6c2c75fcb0999f5bb6ea7c8316cff3c82e76dc711b3e1cb6186e,068028b6d28e1ad77ab317c338382ed0614e1f53009c38462c1dabf9ee5b9511,True,,,,,,,,,,,,,,,,,,,,,
LIB_FCRHJSNRFAAYQD,ChEMBL,CHEMBL1080669,CHEMBL1080669,https://www.ebi.ac.uk/chembl/compound_report_card/CHEMBL1080669/,O=C(Nc1cccc(Oc2ccccc2)c1)Nc1cccc(-c2cn3ccnc3c(NCc3ccncc3)n2)c1,O=C(Nc1cccc(Oc2ccccc2)c1)Nc1cccc(-c2cn3ccnc3c(NCc3ccncc3)n2)c1,O=C(Nc1cccc(Oc2ccccc2)c1)Nc1cccc(-c2cn3ccnc3c(NCc3ccncc3)n2)c1,FCRHJSNRFAAYQD-UHFFFAOYSA-N,FCRHJSNRFAAYQD,eligible,527.588,6.84,105.47,3,6,8,40,6,0.2001,0,1,1,False,predicted,eligible,False,[],1,O=C(Nc1cccc(Oc2ccccc2)c1)Nc1cccc(-c2cn3ccnc3c(NCc3ccncc3)n2)c1,FCRHJSNRFAAYQD-UHFFFAOYSA-N,False,[],[],False,False,O=C(Nc1cccc(Oc2ccccc2)c1)Nc1cccc(-c2cn3ccnc3c(NCc3ccncc3)n2)c1,-8.442765235900879,-8.132245063781738,0.6366820335388184,0.26506024096385544,True,,2026-09-29T01:35:19.719513+00:00,O=C(Nc1cccc(Oc2ccccc2)c1)Nc1cccc(-c2cn3ccnc3c(NCc3ccncc3)n2)c1,FCRHJSNRFAAYQD-UHFFFAOYSA-N,FCRHJSNRFAAYQD-UHFFFAOYSA-N,[],[],exchangeable_tertiary_ring_NH_and_full_potential_stereo_v3_20260929,10,10,-5.674219940209845,5,O=C(Nc1cccc(Oc2ccccc2)c1)Nc1cccc(-c2cn3ccnc3c(NCc3ccncc3)n2)c1,True,True,O=C(Nc1cccc(Oc2ccccc2)c1)Nc1cccc(-c2cn3ccnc3c(NCc3ccncc3)n2)c1,True,True,prepared,raw/LIB_FCRHJSNRFAAYQD__H_AF__e8__s20260927/LIB_FCRHJSNRFAAYQD.sdf,7824282b3596d52c56a87a6aa0777c4d612e12b4eb8b6b04bcd58e8e04063fe3,raw/LIB_FCRHJSNRFAAYQD__H_AF__e8__s20260927/LIB_FCRHJSNRFAAYQD.pdbqt,32323dbb9feed742a641b83bdb73ae8801b78e2d45bf1c32526e664cbdbe4960,1.554,LIB_FCRHJSNRFAAYQD__H_AF__e8__s20260927,H_AF,"human TMC1 predicted structure, aligned",False,"author computational model, static",literature-informed middle-region pose,unknown,unverified,AutoDock Vina 1.2.7,"Vina docking score, not MMGBSA",20260927,8,9,3.0,2,external_receptors/H_AF.pdbqt,35b4acccd44a5c2c5c8aa7e756abe26c081018a2c26d0899190751c23392f2c1,protocol/human_vina_box.txt,3e4c7eb2c313edbe496068c9fb17790e7ca746567519836ed46131e5e7570d49,table6_middle_15_common_union,"[2.3955, -12.9641, 0.9145]","[37.687, 31.3744, 31.1908]",raw/LIB_FCRHJSNRFAAYQD__H_AF__e8__s20260927/LIB_FCRHJSNRFAAYQD__H_AF__e8__s20260927.pdbqt,raw/LIB_FCRHJSNRFAAYQD__H_AF__e8__s20260927/LIB_FCRHJSNRFAAYQD__H_AF__e8__s20260927.log,raw/LIB_FCRHJSNRFAAYQD__H_AF__e8__s20260927/LIB_FCRHJSNRFAAYQD__H_AF__e8__s20260927_export.log,pending,"[""<SOURCE_PROJECT>\\接管推进_2026-09-27\\01_计算筛选\\tools\\vina_1.2.7_win.exe"", ""--receptor"", ""<SOURCE_PROJECT>\\接管推进_2026-09-27\\01_计算筛选\\screen_v2\\inputs\\receptors\\H_AF.pdbqt"", ""--ligand"", ""<PRIVATE_COMPUTE_ROOT>\\TMC1_R2_Scratch_20260929\\03_compute\\formal_confirmation_H_AF_seed27\\ligands\\LIB_FCRHJSNRFAAYQD.pdbqt"", ""--config"", ""<SOURCE_PROJECT>\\接管推进_2026-09-27\\01_计算筛选\\coarse_v1\\config\\vina_box.txt"", ""--scoring"", ""vina"", ""--exhaustiveness"", ""8"", ""--num_modes"", ""9"", ""--energy_range"", ""3.0"", ""--cpu"", ""2"", ""--seed"", ""20260927"", ""--out"", ""<PRIVATE_COMPUTE_ROOT>\\TMC1_R2_Scratch_20260929\\03_compute\\formal_confirmation_H_AF_seed27\\poses\\LIB_FCRHJSNRFAAYQD__H_AF__e8__s20260927.pdbqt""]",2026-09-29T01:35:24.221727+00:00,0,completed,-11.179,9,d740c085c4ad808a9f04ed802890a5c5f5d9647f1b3002a7b8f945c722aa773f,40,2.9843681073218824,0,7.7429999999999986,0,raw/LIB_FCRHJSNRFAAYQD__H_AF__e8__s20260927/LIB_FCRHJSNRFAAYQD__H_AF__e8__s20260927.sdf,9fff22b18d776e01be95f7530015541db1ca5c3a46d7d6872558faa8e4411fb3,True,1328.153,2026-09-29T01:57:32.374418+00:00,reused_R2_candidate,True,1a010f487740a2c578f46772c8f9b45c3055325400f073b02d6918449c59cf2f,932dc48171e7ee65448e2207c73c4217e2837b9daee8b47929eb30ee5b8dc499,4c7ee86c1d25a642ce2f6cf56a7e592484bfae0bdcd549f6d9b5e9ffe556f1b6,True,4,1,-10.019,3.247232206048715,2.899899999999999,,,,,,,,,,,,,,,,
LIB_DNDVGFIEWOHGAH,ChEMBL,CHEMBL1076497,CHEMBL1076497,https://www.ebi.ac.uk/chembl/compound_report_card/CHEMBL1076497/,CN1CCN(c2ccc(-c3cnn4c(-c5cccc(NC(=O)c6cccc(C(F)(F)F)c6)c5)ccnc34)cn2)CC1,CN1CCN(c2ccc(-c3cnn4c(-c5cccc(NC(=O)c6cccc(C(F)(F)F)c6)c5)ccnc34)cn2)CC1,CN1CCN(c2ccc(-c3cnn4c(-c5cccc(NC(=O)c6cccc(C(F)(F)F)c6)c5)ccnc34)cn2)CC1,DNDVGFIEWOHGAH-UHFFFAOYSA-N,DNDVGFIEWOHGAH,eligible,557.58,5.481,78.66,1,6,5,41,6,0.3084,0,1,1,False,predicted,eligible,False,[],1,C[NH+]1CCN(c2ccc(-c3cnn4c(-c5cccc(NC(=O)c6cccc(C(F)(F)F)c6)c5)ccnc34)cn2)CC1,DNDVGFIEWOHGAH-UHFFFAOYSA-O,False,[],[1],False,False,O=C(Nc1cccc(-c2ccnc3c(-c4ccc(N5CC[NH2+]CC5)nc4)cnn23)c1)c1ccccc1,-8.384055137634277,-8.374531745910645,0.4907935857772827,0.3333333333333333,False,AI_initial,2026-09-28T20:43:58.888591+00:00,CN1CCN(c2ccc(-c3cnn4c(-c5cccc(NC(=O)c6cccc(C(F)(F)F)c6)c5)ccnc34)cn2)CC1,DNDVGFIEWOHGAH-UHFFFAOYSA-N,DNDVGFIEWOHGAH-UHFFFAOYSA-O,[],[1],exchangeable_tertiary_ring_NH_and_full_potential_stereo_v3_20260929,10,10,191.14447451247014,4,C[NH+]1CCN(c2ccc(-c3cnn4c(-c5cccc(NC(=O)c6cccc(C(F)(F)F)c6)c5)ccnc34)cn2)CC1,True,True,C[NH+]1CCN(c2ccc(-c3cnn4c(-c5cccc(NC(=O)c6cccc(C(F)(F)F)c6)c5)ccnc34)cn2)CC1,True,True,prepared,raw/LIB_DNDVGFIEWOHGAH__M_PUB_ALL__e8__s20260927/LIB_DNDVGFIEWOHGAH.sdf,68c36d04d335f4bc901849087008cb6b65fc98f3fdb7f44b56d5e6004cc72abb,raw/LIB_DNDVGFIEWOHGAH__M_PUB_ALL__e8__s20260927/LIB_DNDVGFIEWOHGAH.pdbqt,cc3446717e231aacec53a5063e676b2803f43e83544cd381c09325d4082ab795,1.354,LIB_DNDVGFIEWOHGAH__M_PUB_ALL__e8__s20260927,M_PUB_ALL,mouse TMC1-CIB2-TMIE six-protein complex,False,"author computational model, static",literature-informed middle-region pose,unknown,unverified,AutoDock Vina 1.2.7,"Vina docking score, not MMGBSA",20260927,8,9,3.0,2,external_receptors/M_PUB_ALL.pdbqt,c024cc9efaf910ac11642cea4a4c701a0a88a335d7deb0d040320516d5a2eda1,protocol/human_vina_box.txt,3e4c7eb2c313edbe496068c9fb17790e7ca746567519836ed46131e5e7570d49,table6_middle_15_common_union,"[2.3955, -12.9641, 0.9145]","[37.687, 31.3744, 31.1908]",raw/LIB_DNDVGFIEWOHGAH__M_PUB_ALL__e8__s20260927/LIB_DNDVGFIEWOHGAH__M_PUB_ALL__e8__s20260927.pdbqt,raw/LIB_DNDVGFIEWOHGAH__M_PUB_ALL__e8__s20260927/LIB_DNDVGFIEWOHGAH__M_PUB_ALL__e8__s20260927.log,raw/LIB_DNDVGFIEWOHGAH__M_PUB_ALL__e8__s20260927/LIB_DNDVGFIEWOHGAH__M_PUB_ALL__e8__s20260927_export.log,pending,"[""<SOURCE_PROJECT>\\接管推进_2026-09-27\\01_计算筛选\\tools\\vina_1.2.7_win.exe"", ""--receptor"", ""<SOURCE_PROJECT>\\接管推进_2026-09-27\\01_计算筛选\\screen_v2\\inputs\\receptors\\M_PUB_ALL.pdbqt"", ""--ligand"", ""<PRIVATE_COMPUTE_ROOT>\\TMC1_R2_Scratch_20260929\\03_compute\\formal_forward_v2_resume124\\ligands\\LIB_DNDVGFIEWOHGAH.pdbqt"", ""--config"", ""<SOURCE_PROJECT>\\接管推进_2026-09-27\\01_计算筛选\\coarse_v1\\config\\vina_box.txt"", ""--scoring"", ""vina"", ""--exhaustiveness"", ""8"", ""--num_modes"", ""9"", ""--energy_range"", ""3.0"", ""--cpu"", ""2"", ""--seed"", ""20260927"", ""--out"", ""<PRIVATE_COMPUTE_ROOT>\\TMC1_R2_Scratch_20260929\\03_compute\\formal_forward_v2_resume124\\poses\\LIB_DNDVGFIEWOHGAH__M_PUB_ALL__e8__s20260927.pdbqt""]",2026-09-29T00:21:11.281834+00:00,0,completed,-9.934,9,26c3a373e2f121619567b4dc19fa129ffeff7f5aa9e8103945976443e42854ae,41,2.8995182358453953,0,7.1579999999999995,0,raw/LIB_DNDVGFIEWOHGAH__M_PUB_ALL__e8__s20260927/LIB_DNDVGFIEWOHGAH__M_PUB_ALL__e8__s20260927.sdf,771bfe3325c35b173a76db16d6a926e803db1282640c1c9b2cf7016dae732011,True,61.859,2026-09-29T00:22:13.140672+00:00,reused_R2_candidate,True,3d1e62f3a8918aaba2a58ba6ada59e5a9c29932937b2d4315e081626a1d18dfc,95fdddfdb9bf0f1a0cbeed721bea803caa2edb88a65aeef31a60ac53183ff395,0586d7af5f932f43a49307999d52a97ff8e96c702e161893a397006c422df5c1,True,,,,,,,,,,,,,,,,,,,,,
LIB_DNDVGFIEWOHGAH,ChEMBL,CHEMBL1076497,CHEMBL1076497,https://www.ebi.ac.uk/chembl/compound_report_card/CHEMBL1076497/,CN1CCN(c2ccc(-c3cnn4c(-c5cccc(NC(=O)c6cccc(C(F)(F)F)c6)c5)ccnc34)cn2)CC1,CN1CCN(c2ccc(-c3cnn4c(-c5cccc(NC(=O)c6cccc(C(F)(F)F)c6)c5)ccnc34)cn2)CC1,CN1CCN(c2ccc(-c3cnn4c(-c5cccc(NC(=O)c6cccc(C(F)(F)F)c6)c5)ccnc34)cn2)CC1,DNDVGFIEWOHGAH-UHFFFAOYSA-N,DNDVGFIEWOHGAH,eligible,557.58,5.481,78.66,1,6,5,41,6,0.3084,0,1,1,False,predicted,eligible,False,[],1,C[NH+]1CCN(c2ccc(-c3cnn4c(-c5cccc(NC(=O)c6cccc(C(F)(F)F)c6)c5)ccnc34)cn2)CC1,DNDVGFIEWOHGAH-UHFFFAOYSA-O,False,[],[1],False,False,O=C(Nc1cccc(-c2ccnc3c(-c4ccc(N5CC[NH2+]CC5)nc4)cnn23)c1)c1ccccc1,-8.384055137634277,-8.374531745910645,0.4907935857772827,0.3333333333333333,False,,2026-09-29T01:35:21.274298+00:00,CN1CCN(c2ccc(-c3cnn4c(-c5cccc(NC(=O)c6cccc(C(F)(F)F)c6)c5)ccnc34)cn2)CC1,DNDVGFIEWOHGAH-UHFFFAOYSA-N,DNDVGFIEWOHGAH-UHFFFAOYSA-O,[],[1],exchangeable_tertiary_ring_NH_and_full_potential_stereo_v3_20260929,10,10,191.14447451247014,4,C[NH+]1CCN(c2ccc(-c3cnn4c(-c5cccc(NC(=O)c6cccc(C(F)(F)F)c6)c5)ccnc34)cn2)CC1,True,True,C[NH+]1CCN(c2ccc(-c3cnn4c(-c5cccc(NC(=O)c6cccc(C(F)(F)F)c6)c5)ccnc34)cn2)CC1,True,True,prepared,raw/LIB_DNDVGFIEWOHGAH__H_AF__e8__s20260927/LIB_DNDVGFIEWOHGAH.sdf,68c36d04d335f4bc901849087008cb6b65fc98f3fdb7f44b56d5e6004cc72abb,raw/LIB_DNDVGFIEWOHGAH__H_AF__e8__s20260927/LIB_DNDVGFIEWOHGAH.pdbqt,cc3446717e231aacec53a5063e676b2803f43e83544cd381c09325d4082ab795,1.648,LIB_DNDVGFIEWOHGAH__H_AF__e8__s20260927,H_AF,"human TMC1 predicted structure, aligned",False,"author computational model, static",literature-informed middle-region pose,unknown,unverified,AutoDock Vina 1.2.7,"Vina docking score, not MMGBSA",20260927,8,9,3.0,2,external_receptors/H_AF.pdbqt,35b4acccd44a5c2c5c8aa7e756abe26c081018a2c26d0899190751c23392f2c1,protocol/human_vina_box.txt,3e4c7eb2c313edbe496068c9fb17790e7ca746567519836ed46131e5e7570d49,table6_middle_15_common_union,"[2.3955, -12.9641, 0.9145]","[37.687, 31.3744, 31.1908]",raw/LIB_DNDVGFIEWOHGAH__H_AF__e8__s20260927/LIB_DNDVGFIEWOHGAH__H_AF__e8__s20260927.pdbqt,raw/LIB_DNDVGFIEWOHGAH__H_AF__e8__s20260927/LIB_DNDVGFIEWOHGAH__H_AF__e8__s20260927.log,raw/LIB_DNDVGFIEWOHGAH__H_AF__e8__s20260927/LIB_DNDVGFIEWOHGAH__H_AF__e8__s20260927_export.log,pending,"[""<SOURCE_PROJECT>\\接管推进_2026-09-27\\01_计算筛选\\tools\\vina_1.2.7_win.exe"", ""--receptor"", ""<SOURCE_PROJECT>\\接管推进_2026-09-27\\01_计算筛选\\screen_v2\\inputs\\receptors\\H_AF.pdbqt"", ""--ligand"", ""<PRIVATE_COMPUTE_ROOT>\\TMC1_R2_Scratch_20260929\\03_compute\\formal_confirmation_H_AF_seed27\\ligands\\LIB_DNDVGFIEWOHGAH.pdbqt"", ""--config"", ""<SOURCE_PROJECT>\\接管推进_2026-09-27\\01_计算筛选\\coarse_v1\\config\\vina_box.txt"", ""--scoring"", ""vina"", ""--exhaustiveness"", ""8"", ""--num_modes"", ""9"", ""--energy_range"", ""3.0"", ""--cpu"", ""2"", ""--seed"", ""20260927"", ""--out"", ""<PRIVATE_COMPUTE_ROOT>\\TMC1_R2_Scratch_20260929\\03_compute\\formal_confirmation_H_AF_seed27\\poses\\LIB_DNDVGFIEWOHGAH__H_AF__e8__s20260927.pdbqt""]",2026-09-29T01:57:09.628387+00:00,0,completed,-11.102,9,27abe4f5832bf2533cf1370086db31e2a6d90b8dd63b64beb7838e9fb0cf7a93,41,2.703147424762476,0,8.047899999999998,0,raw/LIB_DNDVGFIEWOHGAH__H_AF__e8__s20260927/LIB_DNDVGFIEWOHGAH__H_AF__e8__s20260927.sdf,848fef5522926883bd361517c10659c902ea09e8dcdc16521b47081c2de2e161,True,54.787,2026-09-29T01:58:04.416438+00:00,reused_R2_candidate,True,4a9110423f2f907912eddc34ef0562e800d1790e7b43e3aa95b2de9e052497e5,9c08db1113ec380f8c2329981c7077100deacab9fc9f8b43cdaeb878340fbe11,d20fc8708f52bfc34b11a65a99cb593b50522131d4b16b342d2d43c72db32abd,True,5,1,-9.934,3.044492404326212,7.1579999999999995,,,,,,,,,,,,,,,,
LIB_ZVHBDYFMHCQADD,ChEMBL,CHEMBL1080205,CHEMBL1080205,https://www.ebi.ac.uk/chembl/compound_report_card/CHEMBL1080205/,O=C(Nc1cccc(-c2cn3ccnc3c(NCc3ccccn3)n2)c1)Nc1cccc(C(F)(F)F)c1,O=C(Nc1cccc(-c2cn3ccnc3c(NCc3ccccn3)n2)c1)Nc1cccc(C(F)(F)F)c1,O=C(Nc1cccc(-c2cn3ccnc3c(NCc3ccccn3)n2)c1)Nc1cccc(C(F)(F)F)c1,ZVHBDYFMHCQADD-UHFFFAOYSA-N,ZVHBDYFMHCQADD,eligible,503.488,6.066,96.24,3,5,6,37,5,0.2616,0,1,1,False,predicted,eligible,False,[],1,O=C(Nc1cccc(-c2cn3ccnc3c(NCc3ccccn3)n2)c1)Nc1cccc(C(F)(F)F)c1,ZVHBDYFMHCQADD-UHFFFAOYSA-N,False,[],[],False,False,O=C(Nc1ccccc1)Nc1cccc(-c2cn3ccnc3c(NCc3ccccn3)n2)c1,-8.309067726135254,-8.153216361999512,0.5642051100730896,0.24742268041237114,True,,2026-09-29T00:43:30.894400+00:00,O=C(Nc1cccc(-c2cn3ccnc3c(NCc3ccccn3)n2)c1)Nc1cccc(C(F)(F)F)c1,ZVHBDYFMHCQADD-UHFFFAOYSA-N,ZVHBDYFMHCQADD-UHFFFAOYSA-N,[],[],exchangeable_tertiary_ring_NH_and_full_potential_stereo_v3_20260929,10,10,12.927923318080413,7,O=C(Nc1cccc(-c2cn3ccnc3c(NCc3ccccn3)n2)c1)Nc1cccc(C(F)(F)F)c1,True,True,O=C(Nc1cccc(-c2cn3ccnc3c(NCc3ccccn3)n2)c1)Nc1cccc(C(F)(F)F)c1,True,True,prepared,raw/LIB_ZVHBDYFMHCQADD__M_PUB_ALL__e8__s20260927/LIB_ZVHBDYFMHCQADD.sdf,f4ff7849b82b732f0ad934da7fe858ae151be592bc05ba61f5bd2d47cb3b7727,raw/LIB_ZVHBDYFMHCQADD__M_PUB_ALL__e8__s20260927/LIB_ZVHBDYFMHCQADD.pdbqt,c9363ac083c8ca674a0ea049cce74d2f56279bbf8e9dbe87fc0005bc32d99558,1.238,LIB_ZVHBDYFMHCQADD__M_PUB_ALL__e8__s20260927,M_PUB_ALL,mouse TMC1-CIB2-TMIE six-protein complex,False,"author computational model, static",literature-informed middle-region pose,unknown,unverified,AutoDock Vina 1.2.7,"Vina docking score, not MMGBSA",20260927,8,9,3.0,2,external_receptors/M_PUB_ALL.pdbqt,c024cc9efaf910ac11642cea4a4c701a0a88a335d7deb0d040320516d5a2eda1,protocol/human_vina_box.txt,3e4c7eb2c313edbe496068c9fb17790e7ca746567519836ed46131e5e7570d49,table6_middle_15_common_union,"[2.3955, -12.9641, 0.9145]","[37.687, 31.3744, 31.1908]",raw/LIB_ZVHBDYFMHCQADD__M_PUB_ALL__e8__s20260927/LIB_ZVHBDYFMHCQADD__M_PUB_ALL__e8__s20260927.pdbqt,raw/LIB_ZVHBDYFMHCQADD__M_PUB_ALL__e8__s20260927/LIB_ZVHBDYFMHCQADD__M_PUB_ALL__e8__s20260927.log,raw/LIB_ZVHBDYFMHCQADD__M_PUB_ALL__e8__s20260927/LIB_ZVHBDYFMHCQADD__M_PUB_ALL__e8__s20260927_export.log,pending,"[""<SOURCE_PROJECT>\\接管推进_2026-09-27\\01_计算筛选\\tools\\vina_1.2.7_win.exe"", ""--receptor"", ""<SOURCE_PROJECT>\\接管推进_2026-09-27\\01_计算筛选\\screen_v2\\inputs\\receptors\\M_PUB_ALL.pdbqt"", ""--ligand"", ""<PRIVATE_COMPUTE_ROOT>\\TMC1_R2_Scratch_20260929\\03_compute\\formal_forward_v2_active_new\\ligands\\LIB_ZVHBDYFMHCQADD.pdbqt"", ""--config"", ""<SOURCE_PROJECT>\\接管推进_2026-09-27\\01_计算筛选\\coarse_v1\\config\\vina_box.txt"", ""--scoring"", ""vina"", ""--exhaustiveness"", ""8"", ""--num_modes"", ""9"", ""--energy_range"", ""3.0"", ""--cpu"", ""2"", ""--seed"", ""20260927"", ""--out"", ""<PRIVATE_COMPUTE_ROOT>\\TMC1_R2_Scratch_20260929\\03_compute\\formal_forward_v2_active_new\\poses\\LIB_ZVHBDYFMHCQADD__M_PUB_ALL__e8__s20260927.pdbqt""]",2026-09-29T00:44:31.713994+00:00,0,completed,-9.914,9,01dbe48c2e29449b7cd4fd9255f7a854ebc8cdd933f72f2541adcb9945b39a69,37,2.9679476073542794,0,2.5208999999999993,0,raw/LIB_ZVHBDYFMHCQADD__M_PUB_ALL__e8__s20260927/LIB_ZVHBDYFMHCQADD__M_PUB_ALL__e8__s20260927.sdf,9138a9bda3aef30111a6a0a4b91cfeef9d5fe10ec6e78dc9fcbac63213fbea58,True,74.443,2026-09-29T00:45:46.157307+00:00,reused_R2_candidate,True,5c514133600c8b1e5512801e36696b8196a81c92d2a330d30b588afb4cf9f283,c00f27c838986cee2000125fb02c861157d723e2e717cdec96ecbfc3dc13b47f,842637e8c130238ced3fdff363fa08dfd3b17364bae3cd05600952def7ab54f8,True,,,,,,AI_active,63,-9.784743309020996,0.5397396087646484,-10.05461311340332,,,,,,,,,,,
LIB_ZVHBDYFMHCQADD,ChEMBL,CHEMBL1080205,CHEMBL1080205,https://www.ebi.ac.uk/chembl/compound_report_card/CHEMBL1080205/,O=C(Nc1cccc(-c2cn3ccnc3c(NCc3ccccn3)n2)c1)Nc1cccc(C(F)(F)F)c1,O=C(Nc1cccc(-c2cn3ccnc3c(NCc3ccccn3)n2)c1)Nc1cccc(C(F)(F)F)c1,O=C(Nc1cccc(-c2cn3ccnc3c(NCc3ccccn3)n2)c1)Nc1cccc(C(F)(F)F)c1,ZVHBDYFMHCQADD-UHFFFAOYSA-N,ZVHBDYFMHCQADD,eligible,503.488,6.066,96.24,3,5,6,37,5,0.2616,0,1,1,False,predicted,eligible,False,[],1,O=C(Nc1cccc(-c2cn3ccnc3c(NCc3ccccn3)n2)c1)Nc1cccc(C(F)(F)F)c1,ZVHBDYFMHCQADD-UHFFFAOYSA-N,False,[],[],False,False,O=C(Nc1ccccc1)Nc1cccc(-c2cn3ccnc3c(NCc3ccccn3)n2)c1,-8.309067726135254,-8.153216361999512,0.5642051100730896,0.24742268041237114,True,,2026-09-29T01:35:22.923738+00:00,O=C(Nc1cccc(-c2cn3ccnc3c(NCc3ccccn3)n2)c1)Nc1cccc(C(F)(F)F)c1,ZVHBDYFMHCQADD-UHFFFAOYSA-N,ZVHBDYFMHCQADD-UHFFFAOYSA-N,[],[],exchangeable_tertiary_ring_NH_and_full_potential_stereo_v3_20260929,10,10,12.927923318080413,7,O=C(Nc1cccc(-c2cn3ccnc3c(NCc3ccccn3)n2)c1)Nc1cccc(C(F)(F)F)c1,True,True,O=C(Nc1cccc(-c2cn3ccnc3c(NCc3ccccn3)n2)c1)Nc1cccc(C(F)(F)F)c1,True,True,prepared,raw/LIB_ZVHBDYFMHCQADD__H_AF__e8__s20260927/LIB_ZVHBDYFMHCQADD.sdf,f4ff7849b82b732f0ad934da7fe858ae151be592bc05ba61f5bd2d47cb3b7727,raw/LIB_ZVHBDYFMHCQADD__H_AF__e8__s20260927/LIB_ZVHBDYFMHCQADD.pdbqt,c9363ac083c8ca674a0ea049cce74d2f56279bbf8e9dbe87fc0005bc32d99558,1.271,LIB_ZVHBDYFMHCQADD__H_AF__e8__s20260927,H_AF,"human TMC1 predicted structure, aligned",False,"author computational model, static",literature-informed middle-region pose,unknown,unverified,AutoDock Vina 1.2.7,"Vina docking score, not MMGBSA",20260927,8,9,3.0,2,external_receptors/H_AF.pdbqt,35b4acccd44a5c2c5c8aa7e756abe26c081018a2c26d0899190751c23392f2c1,protocol/human_vina_box.txt,3e4c7eb2c313edbe496068c9fb17790e7ca746567519836ed46131e5e7570d49,table6_middle_15_common_union,"[2.3955, -12.9641, 0.9145]","[37.687, 31.3744, 31.1908]",raw/LIB_ZVHBDYFMHCQADD__H_AF__e8__s20260927/LIB_ZVHBDYFMHCQADD__H_AF__e8__s20260927.pdbqt,raw/LIB_ZVHBDYFMHCQADD__H_AF__e8__s20260927/LIB_ZVHBDYFMHCQADD__H_AF__e8__s20260927.log,raw/LIB_ZVHBDYFMHCQADD__H_AF__e8__s20260927/LIB_ZVHBDYFMHCQADD__H_AF__e8__s20260927_export.log,pending,"[""<SOURCE_PROJECT>\\接管推进_2026-09-27\\01_计算筛选\\tools\\vina_1.2.7_win.exe"", ""--receptor"", ""<SOURCE_PROJECT>\\接管推进_2026-09-27\\01_计算筛选\\screen_v2\\inputs\\receptors\\H_AF.pdbqt"", ""--ligand"", ""<PRIVATE_COMPUTE_ROOT>\\TMC1_R2_Scratch_20260929\\03_compute\\formal_confirmation_H_AF_seed27\\ligands\\LIB_ZVHBDYFMHCQADD.pdbqt"", ""--config"", ""<SOURCE_PROJECT>\\接管推进_2026-09-27\\01_计算筛选\\coarse_v1\\config\\vina_box.txt"", ""--scoring"", ""vina"", ""--exhaustiveness"", ""8"", ""--num_modes"", ""9"", ""--energy_range"", ""3.0"", ""--cpu"", ""2"", ""--seed"", ""20260927"", ""--out"", ""<PRIVATE_COMPUTE_ROOT>\\TMC1_R2_Scratch_20260929\\03_compute\\formal_confirmation_H_AF_seed27\\poses\\LIB_ZVHBDYFMHCQADD__H_AF__e8__s20260927.pdbqt""]",2026-09-29T01:57:10.891457+00:00,0,completed,-10.842,9,4b507fd24b85c3d29f4a7d370e2c7a6ebbf01b470718182ff044ecc9879eb6ad,37,2.944658893658142,0,9.0589,0,raw/LIB_ZVHBDYFMHCQADD__H_AF__e8__s20260927/LIB_ZVHBDYFMHCQADD__H_AF__e8__s20260927.sdf,a9ae26f004dfe97b1c68b3edd35cface5c0fbebabf11a015aacbda15a83b9e40,True,49.077,2026-09-29T01:57:59.968064+00:00,reused_R2_candidate,True,11624e82f73c1b2995577962cce3fc841e62d17ae069695327227d95e355b144,5699ef733cb7d45643084b394a10c96698ab988e400cc267e5c27fa034919cc8,778d6df95a2d955942dffa5acd2a8c454fa6a439506207c8d9959a329293f6bc,True,6,1,-9.914,3.2908147927223133,2.5208999999999993,,,,,,,,,,,,,,,,
REF_CHEMBL115,,,,https://www.ebi.ac.uk/chembl/api/data/molecule/CHEMBL115.json,,,,,,,,,,,,,45,,,,,,,,,,[],1,CC(C)(C)NC(=O)[C@@H]1C[NH+](Cc2cccnc2)CC[NH+]1C[C@@H](O)C[C@@H](Cc1ccccc1)C(=O)N[C@H]1c2ccccc2C[C@H]1O,,,,,,True,,,,,,,,2026-09-30T11:00:16.827312+00:00,CC(C)(C)NC(=O)[C@@H]1CN(Cc2cccnc2)CCN1C[C@@H](O)C[C@@H](Cc1ccccc1)C(=O)N[C@H]1c2ccccc2C[C@H]1O,CBVCZFGXHXORBI-PXQQMZJSSA-N,CBVCZFGXHXORBI-PXQQMZJSSA-P,"[[""Atom_Tetrahedral"", 9], [""Atom_Tetrahedral"", 19]]","[9, 19]",exchangeable_tertiary_ring_NH_and_full_potential_stereo_v3_20260929,10,10,252.22797844980042,5,CC(C)(C)NC(=O)[C@@H]1C[N@@H+](Cc2cccnc2)CC[N@@H+]1C[C@@H](O)C[C@@H](Cc1ccccc1)C(=O)N[C@H]1c2ccccc2C[C@H]1O,False,True,CC(C)(C)NC(=O)[C@@H]1C[N@@H+](Cc2cccnc2)CC[N@@H+]1C[C@@H](O)C[C@@H](Cc1ccccc1)C(=O)N[C@H]1c2ccccc2C[C@H]1O,False,True,prepared,raw/REF_CHEMBL115__M_PUB_ALL__e8__s20260927/REF_CHEMBL115.sdf,39151841d014fd0e95a078d4e26b25b1df3c2f706805b7ea644a1aaf99985fe7,raw/REF_CHEMBL115__M_PUB_ALL__e8__s20260927/REF_CHEMBL115.pdbqt,b3001179e842bfa197532df09f21faf166e454edbcd469fe9de0f0f8a9d2afe5,3.61,REF_CHEMBL115__M_PUB_ALL__e8__s20260927,M_PUB_ALL,mouse TMC1-CIB2-TMIE six-protein complex,False,"author computational model, static",literature-informed middle-region pose,unknown,unverified,AutoDock Vina 1.2.7,"Vina docking score, not MMGBSA",20260927,8,9,3.0,2,external_receptors/M_PUB_ALL.pdbqt,c024cc9efaf910ac11642cea4a4c701a0a88a335d7deb0d040320516d5a2eda1,protocol/human_vina_box.txt,3e4c7eb2c313edbe496068c9fb17790e7ca746567519836ed46131e5e7570d49,table6_middle_15_common_union,"[2.3955, -12.9641, 0.9145]","[37.687, 31.3744, 31.1908]",raw/REF_CHEMBL115__M_PUB_ALL__e8__s20260927/REF_CHEMBL115__M_PUB_ALL__e8__s20260927.pdbqt,raw/REF_CHEMBL115__M_PUB_ALL__e8__s20260927/REF_CHEMBL115__M_PUB_ALL__e8__s20260927.log,raw/REF_CHEMBL115__M_PUB_ALL__e8__s20260927/REF_CHEMBL115__M_PUB_ALL__e8__s20260927_export.log,pending,"[""<SOURCE_PROJECT>\\接管推进_2026-09-27\\01_计算筛选\\tools\\vina_1.2.7_win.exe"", ""--receptor"", ""<SOURCE_RESTORATION_ROOT>\\reference_restore_local\\screen_v2\\inputs\\receptors\\M_PUB_ALL.pdbqt"", ""--ligand"", ""<DELIVERY_ROOT>\\01b_new_experiments\\raw_runs\\reference_panel\\ligands\\REF_CHEMBL115.pdbqt"", ""--config"", ""<DELIVERY_ROOT>\\01_compute\\runtime_source\\science\\R1\\coarse_v1\\config\\vina_box.txt"", ""--scoring"", ""vina"", ""--exhaustiveness"", ""8"", ""--num_modes"", ""9"", ""--energy_range"", ""3.0"", ""--cpu"", ""2"", ""--seed"", ""20260927"", ""--out"", ""<DELIVERY_ROOT>\\01b_new_experiments\\raw_runs\\reference_panel\\poses\\REF_CHEMBL115__M_PUB_ALL__e8__s20260927.pdbqt""]",2026-09-30T11:00:29.970147+00:00,0,completed,-9.102,9,4157c40a8ff9a39c089e0d7ae70deb7a0b5798fd32c444125077690b126f8bd2,45,2.7100837625431424,0,7.739999999999998,0,raw/REF_CHEMBL115__M_PUB_ALL__e8__s20260927/REF_CHEMBL115__M_PUB_ALL__e8__s20260927.sdf,33552dc0388adb7ae86f9a4c0b33ac2bb93cb8a113abc7296983078773ae1910,True,150.461,2026-09-30T11:03:00.431011+00:00,reused_R3_mouse_reference,True,0787d5c993ae53bfb46f6b89d0fc1a749fbc0308abfc3e4d1869952925091070,80caaa730d3c6e8865fe20f2ca3ac97a5da11b84176933adc9b6b413eb3c40f4,6ed3de183f1c7b94921c64bf011c2a9f9d680462c65bb11e659d3a5620a50f42,True,,,,,,,,,,,indinavir anhydrous,CHEMBL115,CC(C)(C)NC(=O)[C@@H]1CN(Cc2cccnc2)CCN1C[C@@H](O)C[C@@H](Cc1ccccc1)C(=O)N[C@H]1c2ccccc2C[C@H]1O,CBVCZFGXHXORBI-PXQQMZJSSA-N,<SOURCE_PROJECT>\接管推进_2026-09-27\01_计算筛选\data\raw\chembl_approved_pool\molecules_offset_00000.json,5cbf75a488eae0b667eaea430927209aca389a6aa6b4b323f6928729ab40a1f9,database_parent_identity_article_salt_and_batch_not_confirmed,,,,
REF_CHEMBL1397,,CHEMBL1397,,https://www.ebi.ac.uk/chembl/compound_report_card/CHEMBL1397/,,CC[C@@H]([C@H](C)O)n1ncn(-c2ccc(N3CCN(c4ccc(OC[C@@H]5CO[C@@](Cn6cncn6)(c6ccc(F)cc6F)C5)cc4)CC3)cc2)c1=O,,,,,,,,,,,51,,,,,,,,,,[],1,CC[C@@H]([C@H](C)O)n1ncn(-c2ccc(N3CCN(c4ccc(OC[C@@H]5CO[C@@](Cn6cncn6)(c6ccc(F)cc6F)C5)cc4)CC3)cc2)c1=O,,,,,,False,,,,,,,,2026-09-30T11:00:20.450974+00:00,CC[C@@H]([C@H](C)O)n1ncn(-c2ccc(N3CCN(c4ccc(OC[C@@H]5CO[C@@](Cn6cncn6)(c6ccc(F)cc6F)C5)cc4)CC3)cc2)c1=O,RAGOYPUPXAKGKH-XAKZXMRKSA-N,RAGOYPUPXAKGKH-XAKZXMRKSA-N,[],[],exchangeable_tertiary_ring_NH_and_full_potential_stereo_v3_20260929,10,10,184.47321365821512,4,CC[C@@H]([C@H](C)O)n1ncn(-c2ccc(N3CCN(c4ccc(OC[C@@H]5CO[C@@](Cn6cncn6)(c6ccc(F)cc6F)C5)cc4)CC3)cc2)c1=O,True,True,CC[C@@H]([C@H](C)O)n1ncn(-c2ccc(N3CCN(c4ccc(OC[C@@H]5CO[C@@](Cn6cncn6)(c6ccc(F)cc6F)C5)cc4)CC3)cc2)c1=O,True,True,prepared,raw/REF_CHEMBL1397__M_PUB_ALL__e8__s20260927/REF_CHEMBL1397.sdf,8c0efb7158db041e4ca14ec91e987de203d5cb38e18b34c27ef9bd07b9635290,raw/REF_CHEMBL1397__M_PUB_ALL__e8__s20260927/REF_CHEMBL1397.pdbqt,5a0d1e098d8d77f4573ff6d5a6fe64ee3a16de9587d7adcf24a6afbc6670afef,3.703,REF_CHEMBL1397__M_PUB_ALL__e8__s20260927,M_PUB_ALL,mouse TMC1-CIB2-TMIE six-protein complex,False,"author computational model, static",literature-informed middle-region pose,unknown,unverified,AutoDock Vina 1.2.7,"Vina docking score, not MMGBSA",20260927,8,9,3.0,2,external_receptors/M_PUB_ALL.pdbqt,c024cc9efaf910ac11642cea4a4c701a0a88a335d7deb0d040320516d5a2eda1,protocol/human_vina_box.txt,3e4c7eb2c313edbe496068c9fb17790e7ca746567519836ed46131e5e7570d49,table6_middle_15_common_union,"[2.3955, -12.9641, 0.9145]","[37.687, 31.3744, 31.1908]",raw/REF_CHEMBL1397__M_PUB_ALL__e8__s20260927/REF_CHEMBL1397__M_PUB_ALL__e8__s20260927.pdbqt,raw/REF_CHEMBL1397__M_PUB_ALL__e8__s20260927/REF_CHEMBL1397__M_PUB_ALL__e8__s20260927.log,raw/REF_CHEMBL1397__M_PUB_ALL__e8__s20260927/REF_CHEMBL1397__M_PUB_ALL__e8__s20260927_export.log,pending,"[""<SOURCE_PROJECT>\\接管推进_2026-09-27\\01_计算筛选\\tools\\vina_1.2.7_win.exe"", ""--receptor"", ""<SOURCE_RESTORATION_ROOT>\\reference_restore_local\\screen_v2\\inputs\\receptors\\M_PUB_ALL.pdbqt"", ""--ligand"", ""<DELIVERY_ROOT>\\01b_new_experiments\\raw_runs\\reference_panel\\ligands\\REF_CHEMBL1397.pdbqt"", ""--config"", ""<DELIVERY_ROOT>\\01_compute\\runtime_source\\science\\R1\\coarse_v1\\config\\vina_box.txt"", ""--scoring"", ""vina"", ""--exhaustiveness"", ""8"", ""--num_modes"", ""9"", ""--energy_range"", ""3.0"", ""--cpu"", ""2"", ""--seed"", ""20260927"", ""--out"", ""<DELIVERY_ROOT>\\01b_new_experiments\\raw_runs\\reference_panel\\poses\\REF_CHEMBL1397__M_PUB_ALL__e8__s20260927.pdbqt""]",2026-09-30T11:00:29.973367+00:00,0,completed,-8.71,9,3491ac70846a954114818954f403babed1ba2e27e96cc9c8bb89bdad720b62ce,51,2.788710992555522,0,4.591999999999999,0,raw/REF_CHEMBL1397__M_PUB_ALL__e8__s20260927/REF_CHEMBL1397__M_PUB_ALL__e8__s20260927.sdf,7b3da77cab656165df32c31ae7379f0193e6521eddf8ecfe192756211d6066c8,True,152.614,2026-09-30T11:03:02.587561+00:00,reused_R3_mouse_reference,True,d6c02737db326bc8e71fa8686edde5994976790e34514cc702b10456a85adee1,d83d220aca0b71b1694aeaa5617074abf8e15bbb5f2f282689eb756139f6281e,5ffc752c9f0cd19db3b57f29fae96b3fcd27d6e881d8f569995151314732933b,True,,,,,,,,,,,posaconazole,CHEMBL1397,,RAGOYPUPXAKGKH-XAKZXMRKSA-N,<SOURCE_PROJECT>\第二轮核心攻关_20260929\03_算法与计算\gate_panel_reference4.csv,9718daf35a57aa6b619b7c97458efb586fa44a575a1decfbfaeebde64218e727,database_parent_identity_article_salt_and_batch_not_confirmed,database_identity_found_article_form_unconfirmed,,,
LIB_DNDVGFIEWOHGAH,ChEMBL,CHEMBL1076497,,https://www.ebi.ac.uk/chembl/compound_report_card/CHEMBL1076497/,CN1CCN(c2ccc(-c3cnn4c(-c5cccc(NC(=O)c6cccc(C(F)(F)F)c6)c5)ccnc34)cn2)CC1,CN1CCN(c2ccc(-c3cnn4c(-c5cccc(NC(=O)c6cccc(C(F)(F)F)c6)c5)ccnc34)cn2)CC1,,DNDVGFIEWOHGAH-UHFFFAOYSA-N,,,,,,,,,41,,,,,,,,,,[],1,C[NH+]1CCN(c2ccc(-c3cnn4c(-c5cccc(NC(=O)c6cccc(C(F)(F)F)c6)c5)ccnc34)cn2)CC1,,,,,,False,,,,,,,,2026-09-30T14:41:50.315913+00:00,CN1CCN(c2ccc(-c3cnn4c(-c5cccc(NC(=O)c6cccc(C(F)(F)F)c6)c5)ccnc34)cn2)CC1,DNDVGFIEWOHGAH-UHFFFAOYSA-N,DNDVGFIEWOHGAH-UHFFFAOYSA-O,[],[1],exchangeable_tertiary_ring_NH_and_full_potential_stereo_v3_20260929,10,10,191.14447451247014,4,C[NH+]1CCN(c2ccc(-c3cnn4c(-c5cccc(NC(=O)c6cccc(C(F)(F)F)c6)c5)ccnc34)cn2)CC1,True,True,C[NH+]1CCN(c2ccc(-c3cnn4c(-c5cccc(NC(=O)c6cccc(C(F)(F)F)c6)c5)ccnc34)cn2)CC1,True,True,prepared,raw/LIB_DNDVGFIEWOHGAH__W_7USX_LOCAL_COMPLETE__e8__s20260927/LIB_DNDVGFIEWOHGAH.sdf,68c36d04d335f4bc901849087008cb6b65fc98f3fdb7f44b56d5e6004cc72abb,raw/LIB_DNDVGFIEWOHGAH__W_7USX_LOCAL_COMPLETE__e8__s20260927/LIB_DNDVGFIEWOHGAH.pdbqt,cc3446717e231aacec53a5063e676b2803f43e83544cd381c09325d4082ab795,1.355,LIB_DNDVGFIEWOHGAH__W_7USX_LOCAL_COMPLETE__e8__s20260927,W_7USX_LOCAL_COMPLETE,C. elegans experimental TMC1-CALM1-TMIE six-protein complex; remote incomplete residues omitted outside fixed box+8A,False,7USX cryoEM contracted geometric conformation; functional closed/open state unverified,literature-informed middle-region pose,unknown,unverified,AutoDock Vina 1.2.7,"Vina docking score, not MMGBSA",20260927,8,9,3.0,2,protocol/W_7USX_LOCAL_COMPLETE.pdbqt,907ef675c3f92bbb3efbec7234cbbbf8a3fb1bd412f4191ce574e238ae9b6651,protocol/worm_X_vina_box.txt,17100e6a2f415d440b9f1aa74b3ecf2d53c681a0edd49d2b0573531512e4e149,R3_W7USX_native_mapped_middle15_complete_region_v1,"[136.5105, 174.4235, 172.819]","[33.721, 32.575, 26.328]",raw/LIB_DNDVGFIEWOHGAH__W_7USX_LOCAL_COMPLETE__e8__s20260927/LIB_DNDVGFIEWOHGAH__W_7USX_LOCAL_COMPLETE__e8__s20260927.pdbqt,raw/LIB_DNDVGFIEWOHGAH__W_7USX_LOCAL_COMPLETE__e8__s20260927/LIB_DNDVGFIEWOHGAH__W_7USX_LOCAL_COMPLETE__e8__s20260927.log,raw/LIB_DNDVGFIEWOHGAH__W_7USX_LOCAL_COMPLETE__e8__s20260927/LIB_DNDVGFIEWOHGAH__W_7USX_LOCAL_COMPLETE__e8__s20260927_export.log,pending,"[""<SOURCE_PROJECT>\\接管推进_2026-09-27\\01_计算筛选\\tools\\vina_1.2.7_win.exe"", ""--receptor"", ""<NEW_CONDITION_ROOT>\\internal\\receptors\\W_7USX_LOCAL_COMPLETE.pdbqt"", ""--ligand"", ""<NEW_CONDITION_ROOT>\\raw_runs\\worm_X11\\ligands\\LIB_DNDVGFIEWOHGAH.pdbqt"", ""--config"", ""<NEW_CONDITION_ROOT>\\internal\\worm_X_vina_box.txt"", ""--scoring"", ""vina"", ""--exhaustiveness"", ""8"", ""--num_modes"", ""9"", ""--energy_range"", ""3.0"", ""--cpu"", ""2"", ""--seed"", ""20260927"", ""--out"", ""<NEW_CONDITION_ROOT>\\raw_runs\\worm_X11\\poses\\LIB_DNDVGFIEWOHGAH__W_7USX_LOCAL_COMPLETE__e8__s20260927.pdbqt""]",2026-09-30T14:43:50.947934+00:00,0,completed,-9.323,9,4bfd557324beb565497575af1636eca36c64e72d5de0d7f7cd238b2125775d4a,41,3.0223250983307652,0,0.15499999999999758,0,raw/LIB_DNDVGFIEWOHGAH__W_7USX_LOCAL_COMPLETE__e8__s20260927/LIB_DNDVGFIEWOHGAH__W_7USX_LOCAL_COMPLETE__e8__s20260927.sdf,8c8d5768a7937c2824a48ad0e51b5a1d016d271963eb947fcd9877efa86df203,True,59.99,2026-09-30T14:44:50.938881+00:00,new_R3_worm_condition,True,84aacd6d8951c45d4322ce9c7792ca849508894d4fae22a54132f1e6efcaaa6b,c7894a6c198c9be73bb7c2588a994b73b18e30a52d9737cc82cfbd39817b86ac,3893bbff2dd63fae568d220deeacad3574d6a14164ba0dde2d0d2fa794f8648f,True,,,,,,,,,,,,,,,,,,,R2_frozen_candidate_independent_worm_supplement,,
LIB_FCRHJSNRFAAYQD,ChEMBL,CHEMBL1080669,,https://www.ebi.ac.uk/chembl/compound_report_card/CHEMBL1080669/,O=C(Nc1cccc(Oc2ccccc2)c1)Nc1cccc(-c2cn3ccnc3c(NCc3ccncc3)n2)c1,O=C(Nc1cccc(Oc2ccccc2)c1)Nc1cccc(-c2cn3ccnc3c(NCc3ccncc3)n2)c1,,FCRHJSNRFAAYQD-UHFFFAOYSA-N,,,,,,,,,40,,,,,,,,,,[],1,O=C(Nc1cccc(Oc2ccccc2)c1)Nc1cccc(-c2cn3ccnc3c(NCc3ccncc3)n2)c1,,,,,,False,,,,,,,,2026-09-30T14:41:49.009722+00:00,O=C(Nc1cccc(Oc2ccccc2)c1)Nc1cccc(-c2cn3ccnc3c(NCc3ccncc3)n2)c1,FCRHJSNRFAAYQD-UHFFFAOYSA-N,FCRHJSNRFAAYQD-UHFFFAOYSA-N,[],[],exchangeable_tertiary_ring_NH_and_full_potential_stereo_v3_20260929,10,10,-5.674219940209845,5,O=C(Nc1cccc(Oc2ccccc2)c1)Nc1cccc(-c2cn3ccnc3c(NCc3ccncc3)n2)c1,True,True,O=C(Nc1cccc(Oc2ccccc2)c1)Nc1cccc(-c2cn3ccnc3c(NCc3ccncc3)n2)c1,True,True,prepared,raw/LIB_FCRHJSNRFAAYQD__W_7USX_LOCAL_COMPLETE__e8__s20260927/LIB_FCRHJSNRFAAYQD.sdf,7824282b3596d52c56a87a6aa0777c4d612e12b4eb8b6b04bcd58e8e04063fe3,raw/LIB_FCRHJSNRFAAYQD__W_7USX_LOCAL_COMPLETE__e8__s20260927/LIB_FCRHJSNRFAAYQD.pdbqt,32323dbb9feed742a641b83bdb73ae8801b78e2d45bf1c32526e664cbdbe4960,1.305,LIB_FCRHJSNRFAAYQD__W_7USX_LOCAL_COMPLETE__e8__s20260927,W_7USX_LOCAL_COMPLETE,C. elegans experimental TMC1-CALM1-TMIE six-protein complex; remote incomplete residues omitted outside fixed box+8A,False,7USX cryoEM contracted geometric conformation; functional closed/open state unverified,literature-informed middle-region pose,unknown,unverified,AutoDock Vina 1.2.7,"Vina docking score, not MMGBSA",20260927,8,9,3.0,2,protocol/W_7USX_LOCAL_COMPLETE.pdbqt,907ef675c3f92bbb3efbec7234cbbbf8a3fb1bd412f4191ce574e238ae9b6651,protocol/worm_X_vina_box.txt,17100e6a2f415d440b9f1aa74b3ecf2d53c681a0edd49d2b0573531512e4e149,R3_W7USX_native_mapped_middle15_complete_region_v1,"[136.5105, 174.4235, 172.819]","[33.721, 32.575, 26.328]",raw/LIB_FCRHJSNRFAAYQD__W_7USX_LOCAL_COMPLETE__e8__s20260927/LIB_FCRHJSNRFAAYQD__W_7USX_LOCAL_COMPLETE__e8__s20260927.pdbqt,raw/LIB_FCRHJSNRFAAYQD__W_7USX_LOCAL_COMPLETE__e8__s20260927/LIB_FCRHJSNRFAAYQD__W_7USX_LOCAL_COMPLETE__e8__s20260927.log,raw/LIB_FCRHJSNRFAAYQD__W_7USX_LOCAL_COMPLETE__e8__s20260927/LIB_FCRHJSNRFAAYQD__W_7USX_LOCAL_COMPLETE__e8__s20260927_export.log,pending,"[""<SOURCE_PROJECT>\\接管推进_2026-09-27\\01_计算筛选\\tools\\vina_1.2.7_win.exe"", ""--receptor"", ""<NEW_CONDITION_ROOT>\\internal\\receptors\\W_7USX_LOCAL_COMPLETE.pdbqt"", ""--ligand"", ""<NEW_CONDITION_ROOT>\\raw_runs\\worm_X11\\ligands\\LIB_FCRHJSNRFAAYQD.pdbqt"", ""--config"", ""<NEW_CONDITION_ROOT>\\internal\\worm_X_vina_box.txt"", ""--scoring"", ""vina"", ""--exhaustiveness"", ""8"", ""--num_modes"", ""9"", ""--energy_range"", ""3.0"", ""--cpu"", ""2"", ""--seed"", ""20260927"", ""--out"", ""<NEW_CONDITION_ROOT>\\raw_runs\\worm_X11\\poses\\LIB_FCRHJSNRFAAYQD__W_7USX_LOCAL_COMPLETE__e8__s20260927.pdbqt""]",2026-09-30T14:42:58.142431+00:00,0,completed,-9.036,8,9402274c1aec6eb2775419d65eb01d5976bab0552dccdf4e10e171d432b7e647,40,3.1729387009521695,0,0.1300000000000079,0,raw/LIB_FCRHJSNRFAAYQD__W_7USX_LOCAL_COMPLETE__e8__s20260927/LIB_FCRHJSNRFAAYQD__W_7USX_LOCAL_COMPLETE__e8__s20260927.sdf,0a29456a962daee054c39d343ffed5e3c9768c6fb5d5257962aa02aa90ac0f72,True,77.427,2026-09-30T14:44:15.569322+00:00,new_R3_worm_condition,True,bdf9adb00bf696a87d95365974b80eb3b115daba8c100cd81f0411a2d55a9a6b,88b68796e80eead69a288b926e54472b9dad61cbdd708c5518789f6f21d13447,bc29e3a19dd2ee16a287989ef91e3c5510cef214a155b77341eaf1b1324b32ee,True,,,,,,,,,,,,,,,,,,,R2_frozen_candidate_independent_worm_supplement,,
LIB_MYAFDHCCQBIZLC,ChEMBL,CHEMBL1080362,,https://www.ebi.ac.uk/chembl/compound_report_card/CHEMBL1080362/,O=C(Nc1cccc(-c2cn3ccnc3c(NCc3ccccc3)n2)c1)Nc1cccc(C(F)(F)F)c1,O=C(Nc1cccc(-c2cn3ccnc3c(NCc3ccccc3)n2)c1)Nc1cccc(C(F)(F)F)c1,,MYAFDHCCQBIZLC-UHFFFAOYSA-N,,,,,,,,,37,,,,,,,,,,[],1,O=C(Nc1cccc(-c2cn3ccnc3c(NCc3ccccc3)n2)c1)Nc1cccc(C(F)(F)F)c1,,,,,,False,,,,,,,,2026-09-30T14:41:47.256357+00:00,O=C(Nc1cccc(-c2cn3ccnc3c(NCc3ccccc3)n2)c1)Nc1cccc(C(F)(F)F)c1,MYAFDHCCQBIZLC-UHFFFAOYSA-N,MYAFDHCCQBIZLC-UHFFFAOYSA-N,[],[],exchangeable_tertiary_ring_NH_and_full_potential_stereo_v3_20260929,9,9,-2.636665684898908,0,O=C(Nc1cccc(-c2cn3ccnc3c(NCc3ccccc3)n2)c1)Nc1cccc(C(F)(F)F)c1,True,True,O=C(Nc1cccc(-c2cn3ccnc3c(NCc3ccccc3)n2)c1)Nc1cccc(C(F)(F)F)c1,True,True,prepared,raw/LIB_MYAFDHCCQBIZLC__W_7USX_LOCAL_COMPLETE__e8__s20260927/LIB_MYAFDHCCQBIZLC.sdf,7299c8a6d31fd889d1d494bcf84f45016677c8ce65a1db849bc7842c63f36af1,raw/LIB_MYAFDHCCQBIZLC__W_7USX_LOCAL_COMPLETE__e8__s20260927/LIB_MYAFDHCCQBIZLC.pdbqt,2f1a28777fd01b65f19cb0d0d7602651b21dd3c29f359a29fdf0f3b04211b237,0.973,LIB_MYAFDHCCQBIZLC__W_7USX_LOCAL_COMPLETE__e8__s20260927,W_7USX_LOCAL_COMPLETE,C. elegans experimental TMC1-CALM1-TMIE six-protein complex; remote incomplete residues omitted outside fixed box+8A,False,7USX cryoEM contracted geometric conformation; functional closed/open state unverified,literature-informed middle-region pose,unknown,unverified,AutoDock Vina 1.2.7,"Vina docking score, not MMGBSA",20260927,8,9,3.0,2,protocol/W_7USX_LOCAL_COMPLETE.pdbqt,907ef675c3f92bbb3efbec7234cbbbf8a3fb1bd412f4191ce574e238ae9b6651,protocol/worm_X_vina_box.txt,17100e6a2f415d440b9f1aa74b3ecf2d53c681a0edd49d2b0573531512e4e149,R3_W7USX_native_mapped_middle15_complete_region_v1,"[136.5105, 174.4235, 172.819]","[33.721, 32.575, 26.328]",raw/LIB_MYAFDHCCQBIZLC__W_7USX_LOCAL_COMPLETE__e8__s20260927/LIB_MYAFDHCCQBIZLC__W_7USX_LOCAL_COMPLETE__e8__s20260927.pdbqt,raw/LIB_MYAFDHCCQBIZLC__W_7USX_LOCAL_COMPLETE__e8__s20260927/LIB_MYAFDHCCQBIZLC__W_7USX_LOCAL_COMPLETE__e8__s20260927.log,raw/LIB_MYAFDHCCQBIZLC__W_7USX_LOCAL_COMPLETE__e8__s20260927/LIB_MYAFDHCCQBIZLC__W_7USX_LOCAL_COMPLETE__e8__s20260927_export.log,pending,"[""<SOURCE_PROJECT>\\接管推进_2026-09-27\\01_计算筛选\\tools\\vina_1.2.7_win.exe"", ""--receptor"", ""<NEW_CONDITION_ROOT>\\internal\\receptors\\W_7USX_LOCAL_COMPLETE.pdbqt"", ""--ligand"", ""<NEW_CONDITION_ROOT>\\raw_runs\\worm_X11\\ligands\\LIB_MYAFDHCCQBIZLC.pdbqt"", ""--config"", ""<NEW_CONDITION_ROOT>\\internal\\worm_X_vina_box.txt"", ""--scoring"", ""vina"", ""--exhaustiveness"", ""8"", ""--num_modes"", ""9"", ""--energy_range"", ""3.0"", ""--cpu"", ""2"", ""--seed"", ""20260927"", ""--out"", ""<NEW_CONDITION_ROOT>\\raw_runs\\worm_X11\\poses\\LIB_MYAFDHCCQBIZLC__W_7USX_LOCAL_COMPLETE__e8__s20260927.pdbqt""]",2026-09-30T14:42:01.770939+00:00,0,completed,-9.081,9,a6bd84188c7cfcbd4ff6529b9c29c3d67814b054bcc48a49b3f7ba4ef153aa38,37,2.86329058951411,0,0.9829999999999828,0,raw/LIB_MYAFDHCCQBIZLC__W_7USX_LOCAL_COMPLETE__e8__s20260927/LIB_MYAFDHCCQBIZLC__W_7USX_LOCAL_COMPLETE__e8__s20260927.sdf,73cffa2fade23ca4941440c4d24a639c9c362b1acc6528b5750bb8f5476d0623,True,56.37,2026-09-30T14:42:58.141429+00:00,new_R3_worm_condition,True,62b5d721cbbe719682daaa5779e5e0c29782e2d42fa9dc3bfb1e953e9408d565,0235265bb18f40e6c309056585cb01f77faedfcd80b71852d683673074b50c30,dc93e98d8e76f28908b0fb612e366176e64ccba75e1d64fb293aaf5c36f9f4c5,True,,,,,,,,,,,,,,,,,,,R2_frozen_candidate_independent_worm_supplement,,
LIB_YWDIXVZCRMMQQY,ChEMBL,CHEMBL1079964,,https://www.ebi.ac.uk/chembl/compound_report_card/CHEMBL1079964/,O=C(Nc1cccc(-c2cn3ccnc3c(Nc3ccccc3)n2)c1)Nc1cccc(C(F)(F)F)c1,O=C(Nc1cccc(-c2cn3ccnc3c(Nc3ccccc3)n2)c1)Nc1cccc(C(F)(F)F)c1,,YWDIXVZCRMMQQY-UHFFFAOYSA-N,,,,,,,,,36,,,,,,,,,,[],1,O=C(Nc1cccc(-c2cn3ccnc3c(Nc3ccccc3)n2)c1)Nc1cccc(C(F)(F)F)c1,,,,,,False,,,,,,,,2026-09-30T14:41:46.304033+00:00,O=C(Nc1cccc(-c2cn3ccnc3c(Nc3ccccc3)n2)c1)Nc1cccc(C(F)(F)F)c1,YWDIXVZCRMMQQY-UHFFFAOYSA-N,YWDIXVZCRMMQQY-UHFFFAOYSA-N,[],[],exchangeable_tertiary_ring_NH_and_full_potential_stereo_v3_20260929,10,10,12.949177459859921,7,O=C(Nc1cccc(-c2cn3ccnc3c(Nc3ccccc3)n2)c1)Nc1cccc(C(F)(F)F)c1,True,True,O=C(Nc1cccc(-c2cn3ccnc3c(Nc3ccccc3)n2)c1)Nc1cccc(C(F)(F)F)c1,True,True,prepared,raw/LIB_YWDIXVZCRMMQQY__W_7USX_LOCAL_COMPLETE__e8__s20260927/LIB_YWDIXVZCRMMQQY.sdf,9066eb72bdcdf2dd829c84594e2f1b4573e4b8615eeb5d1cdaa980e7eee07145,raw/LIB_YWDIXVZCRMMQQY__W_7USX_LOCAL_COMPLETE__e8__s20260927/LIB_YWDIXVZCRMMQQY.pdbqt,e8688b37612138bb41cab65d4696d4a0d6bb841154c94cf18b69a56c2745c3eb,0.951,LIB_YWDIXVZCRMMQQY__W_7USX_LOCAL_COMPLETE__e8__s20260927,W_7USX_LOCAL_COMPLETE,C. elegans experimental TMC1-CALM1-TMIE six-protein complex; remote incomplete residues omitted outside fixed box+8A,False,7USX cryoEM contracted geometric conformation; functional closed/open state unverified,literature-informed middle-region pose,unknown,unverified,AutoDock Vina 1.2.7,"Vina docking score, not MMGBSA",20260927,8,9,3.0,2,protocol/W_7USX_LOCAL_COMPLETE.pdbqt,907ef675c3f92bbb3efbec7234cbbbf8a3fb1bd412f4191ce574e238ae9b6651,protocol/worm_X_vina_box.txt,17100e6a2f415d440b9f1aa74b3ecf2d53c681a0edd49d2b0573531512e4e149,R3_W7USX_native_mapped_middle15_complete_region_v1,"[136.5105, 174.4235, 172.819]","[33.721, 32.575, 26.328]",raw/LIB_YWDIXVZCRMMQQY__W_7USX_LOCAL_COMPLETE__e8__s20260927/LIB_YWDIXVZCRMMQQY__W_7USX_LOCAL_COMPLETE__e8__s20260927.pdbqt,raw/LIB_YWDIXVZCRMMQQY__W_7USX_LOCAL_COMPLETE__e8__s20260927/LIB_YWDIXVZCRMMQQY__W_7USX_LOCAL_COMPLETE__e8__s20260927.log,raw/LIB_YWDIXVZCRMMQQY__W_7USX_LOCAL_COMPLETE__e8__s20260927/LIB_YWDIXVZCRMMQQY__W_7USX_LOCAL_COMPLETE__e8__s20260927_export.log,pending,"[""<SOURCE_PROJECT>\\接管推进_2026-09-27\\01_计算筛选\\tools\\vina_1.2.7_win.exe"", ""--receptor"", ""<NEW_CONDITION_ROOT>\\internal\\receptors\\W_7USX_LOCAL_COMPLETE.pdbqt"", ""--ligand"", ""<NEW_CONDITION_ROOT>\\raw_runs\\worm_X11\\ligands\\LIB_YWDIXVZCRMMQQY.pdbqt"", ""--config"", ""<NEW_CONDITION_ROOT>\\internal\\worm_X_vina_box.txt"", ""--scoring"", ""vina"", ""--exhaustiveness"", ""8"", ""--num_modes"", ""9"", ""--energy_range"", ""3.0"", ""--cpu"", ""2"", ""--seed"", ""20260927"", ""--out"", ""<NEW_CONDITION_ROOT>\\raw_runs\\worm_X11\\poses\\LIB_YWDIXVZCRMMQQY__W_7USX_LOCAL_COMPLETE__e8__s20260927.pdbqt""]",2026-09-30T14:42:01.768937+00:00,0,completed,-9.283,9,dee24b2d9d4acc54323509271331b79ad9014ab0e9868238be6ba879ccfcbbef,36,3.1747889693647418,0,0.6879999999999846,0,raw/LIB_YWDIXVZCRMMQQY__W_7USX_LOCAL_COMPLETE__e8__s20260927/LIB_YWDIXVZCRMMQQY__W_7USX_LOCAL_COMPLETE__e8__s20260927.sdf,0e6fbac6a20728a7b60f0973f0e865da5a290b2c5a5f909a082a4b0135d71cd5,True,48.405,2026-09-30T14:42:50.173828+00:00,new_R3_worm_condition,True,df2cc5094d4d1e5aa4dac72034856c21a5455265f24be3464da8d1a8f9596110,fa7464bcb4a03e40b33d15f50be4c1ea5eb87ce4a1b611101d0fccac4513165e,fc9d02786379d4dd171da8a83d6c6c05542581c4e803d777ca19fd066465e8b5,True,,,,,,,,,,,,,,,,,,,R2_frozen_candidate_independent_worm_supplement,,
LIB_ZNDXPRCORYDEAP,ChEMBL,CHEMBL1081740,,https://www.ebi.ac.uk/chembl/compound_report_card/CHEMBL1081740/,O=C(Nc1cccc(-c2cn3ccnc3c(NCc3ccncc3)n2)c1)Nc1ccc(F)c(C(F)(F)F)c1,O=C(Nc1cccc(-c2cn3ccnc3c(NCc3ccncc3)n2)c1)Nc1ccc(F)c(C(F)(F)F)c1,,ZNDXPRCORYDEAP-UHFFFAOYSA-N,,,,,,,,,38,,,,,,,,,,[],1,O=C(Nc1cccc(-c2cn3ccnc3c(NCc3ccncc3)n2)c1)Nc1ccc(F)c(C(F)(F)F)c1,,,,,,False,,,,,,,,2026-09-30T14:41:48.231349+00:00,O=C(Nc1cccc(-c2cn3ccnc3c(NCc3ccncc3)n2)c1)Nc1ccc(F)c(C(F)(F)F)c1,ZNDXPRCORYDEAP-UHFFFAOYSA-N,ZNDXPRCORYDEAP-UHFFFAOYSA-N,[],[],exchangeable_tertiary_ring_NH_and_full_potential_stereo_v3_20260929,8,8,-32.993819256482595,5,O=C(Nc1cccc(-c2cn3ccnc3c(NCc3ccncc3)n2)c1)Nc1ccc(F)c(C(F)(F)F)c1,True,True,O=C(Nc1cccc(-c2cn3ccnc3c(NCc3ccncc3)n2)c1)Nc1ccc(F)c(C(F)(F)F)c1,True,True,prepared,raw/LIB_ZNDXPRCORYDEAP__W_7USX_LOCAL_COMPLETE__e8__s20260927/LIB_ZNDXPRCORYDEAP.sdf,1e5db1236b1e77d3404fd907a56a5439558fc51af2414bdfcedbdd44bdfe2cc5,raw/LIB_ZNDXPRCORYDEAP__W_7USX_LOCAL_COMPLETE__e8__s20260927/LIB_ZNDXPRCORYDEAP.pdbqt,91bd8ffee0d4c23c2311c072dce815fedacb0a0e6212fa62aa4e8bba3d08384d,0.777,LIB_ZNDXPRCORYDEAP__W_7USX_LOCAL_COMPLETE__e8__s20260927,W_7USX_LOCAL_COMPLETE,C. elegans experimental TMC1-CALM1-TMIE six-protein complex; remote incomplete residues omitted outside fixed box+8A,False,7USX cryoEM contracted geometric conformation; functional closed/open state unverified,literature-informed middle-region pose,unknown,unverified,AutoDock Vina 1.2.7,"Vina docking score, not MMGBSA",20260927,8,9,3.0,2,protocol/W_7USX_LOCAL_COMPLETE.pdbqt,907ef675c3f92bbb3efbec7234cbbbf8a3fb1bd412f4191ce574e238ae9b6651,protocol/worm_X_vina_box.txt,17100e6a2f415d440b9f1aa74b3ecf2d53c681a0edd49d2b0573531512e4e149,R3_W7USX_native_mapped_middle15_complete_region_v1,"[136.5105, 174.4235, 172.819]","[33.721, 32.575, 26.328]",raw/LIB_ZNDXPRCORYDEAP__W_7USX_LOCAL_COMPLETE__e8__s20260927/LIB_ZNDXPRCORYDEAP__W_7USX_LOCAL_COMPLETE__e8__s20260927.pdbqt,raw/LIB_ZNDXPRCORYDEAP__W_7USX_LOCAL_COMPLETE__e8__s20260927/LIB_ZNDXPRCORYDEAP__W_7USX_LOCAL_COMPLETE__e8__s20260927.log,raw/LIB_ZNDXPRCORYDEAP__W_7USX_LOCAL_COMPLETE__e8__s20260927/LIB_ZNDXPRCORYDEAP__W_7USX_LOCAL_COMPLETE__e8__s20260927_export.log,pending,"[""<SOURCE_PROJECT>\\接管推进_2026-09-27\\01_计算筛选\\tools\\vina_1.2.7_win.exe"", ""--receptor"", ""<NEW_CONDITION_ROOT>\\internal\\receptors\\W_7USX_LOCAL_COMPLETE.pdbqt"", ""--ligand"", ""<NEW_CONDITION_ROOT>\\raw_runs\\worm_X11\\ligands\\LIB_ZNDXPRCORYDEAP.pdbqt"", ""--config"", ""<NEW_CONDITION_ROOT>\\internal\\worm_X_vina_box.txt"", ""--scoring"", ""vina"", ""--exhaustiveness"", ""8"", ""--num_modes"", ""9"", ""--energy_range"", ""3.0"", ""--cpu"", ""2"", ""--seed"", ""20260927"", ""--out"", ""<NEW_CONDITION_ROOT>\\raw_runs\\worm_X11\\poses\\LIB_ZNDXPRCORYDEAP__W_7USX_LOCAL_COMPLETE__e8__s20260927.pdbqt""]",2026-09-30T14:42:50.174828+00:00,0,completed,-9.336,9,55b19df53fc98ffc3ca53bd07b85fb0a5aa218a01a86b74a418ef715d7948b7d,38,2.7520254359289513,0,0.7169999999999952,0,raw/LIB_ZNDXPRCORYDEAP__W_7USX_LOCAL_COMPLETE__e8__s20260927/LIB_ZNDXPRCORYDEAP__W_7USX_LOCAL_COMPLETE__e8__s20260927.sdf,5a66c815b6ed29a7ee3d9923c6c0cd19ff29fc3c2ecf64882d02adf873badb8e,True,60.772,2026-09-30T14:43:50.946933+00:00,new_R3_worm_condition,True,0a3addd871b10623be946aa685dc7e913426656b88085f58b998dcbf252042e2,9ae2ff90bcc664efd00a8bcdb1193a8cb15f09db36eccefd769cc6f28f3033b7,fa05cef930724c40ae749267ccd89bb742153c5e271c7111536db03cf3f4bd4a,True,,,,,,,,,,,,,,,,,,,R2_frozen_candidate_independent_worm_supplement,,
LIB_ZVHBDYFMHCQADD,ChEMBL,CHEMBL1080205,,https://www.ebi.ac.uk/chembl/compound_report_card/CHEMBL1080205/,O=C(Nc1cccc(-c2cn3ccnc3c(NCc3ccccn3)n2)c1)Nc1cccc(C(F)(F)F)c1,O=C(Nc1cccc(-c2cn3ccnc3c(NCc3ccccn3)n2)c1)Nc1cccc(C(F)(F)F)c1,,ZVHBDYFMHCQADD-UHFFFAOYSA-N,,,,,,,,,37,,,,,,,,,,[],1,O=C(Nc1cccc(-c2cn3ccnc3c(NCc3ccccn3)n2)c1)Nc1cccc(C(F)(F)F)c1,,,,,,False,,,,,,,,2026-09-30T14:41:51.670943+00:00,O=C(Nc1cccc(-c2cn3ccnc3c(NCc3ccccn3)n2)c1)Nc1cccc(C(F)(F)F)c1,ZVHBDYFMHCQADD-UHFFFAOYSA-N,ZVHBDYFMHCQADD-UHFFFAOYSA-N,[],[],exchangeable_tertiary_ring_NH_and_full_potential_stereo_v3_20260929,10,10,12.927923318080413,7,O=C(Nc1cccc(-c2cn3ccnc3c(NCc3ccccn3)n2)c1)Nc1cccc(C(F)(F)F)c1,True,True,O=C(Nc1cccc(-c2cn3ccnc3c(NCc3ccccn3)n2)c1)Nc1cccc(C(F)(F)F)c1,True,True,prepared,raw/LIB_ZVHBDYFMHCQADD__W_7USX_LOCAL_COMPLETE__e8__s20260927/LIB_ZVHBDYFMHCQADD.sdf,f4ff7849b82b732f0ad934da7fe858ae151be592bc05ba61f5bd2d47cb3b7727,raw/LIB_ZVHBDYFMHCQADD__W_7USX_LOCAL_COMPLETE__e8__s20260927/LIB_ZVHBDYFMHCQADD.pdbqt,c9363ac083c8ca674a0ea049cce74d2f56279bbf8e9dbe87fc0005bc32d99558,0.981,LIB_ZVHBDYFMHCQADD__W_7USX_LOCAL_COMPLETE__e8__s20260927,W_7USX_LOCAL_COMPLETE,C. elegans experimental TMC1-CALM1-TMIE six-protein complex; remote incomplete residues omitted outside fixed box+8A,False,7USX cryoEM contracted geometric conformation; functional closed/open state unverified,literature-informed middle-region pose,unknown,unverified,AutoDock Vina 1.2.7,"Vina docking score, not MMGBSA",20260927,8,9,3.0,2,protocol/W_7USX_LOCAL_COMPLETE.pdbqt,907ef675c3f92bbb3efbec7234cbbbf8a3fb1bd412f4191ce574e238ae9b6651,protocol/worm_X_vina_box.txt,17100e6a2f415d440b9f1aa74b3ecf2d53c681a0edd49d2b0573531512e4e149,R3_W7USX_native_mapped_middle15_complete_region_v1,"[136.5105, 174.4235, 172.819]","[33.721, 32.575, 26.328]",raw/LIB_ZVHBDYFMHCQADD__W_7USX_LOCAL_COMPLETE__e8__s20260927/LIB_ZVHBDYFMHCQADD__W_7USX_LOCAL_COMPLETE__e8__s20260927.pdbqt,raw/LIB_ZVHBDYFMHCQADD__W_7USX_LOCAL_COMPLETE__e8__s20260927/LIB_ZVHBDYFMHCQADD__W_7USX_LOCAL_COMPLETE__e8__s20260927.log,raw/LIB_ZVHBDYFMHCQADD__W_7USX_LOCAL_COMPLETE__e8__s20260927/LIB_ZVHBDYFMHCQADD__W_7USX_LOCAL_COMPLETE__e8__s20260927_export.log,pending,"[""<SOURCE_PROJECT>\\接管推进_2026-09-27\\01_计算筛选\\tools\\vina_1.2.7_win.exe"", ""--receptor"", ""<NEW_CONDITION_ROOT>\\internal\\receptors\\W_7USX_LOCAL_COMPLETE.pdbqt"", ""--ligand"", ""<NEW_CONDITION_ROOT>\\raw_runs\\worm_X11\\ligands\\LIB_ZVHBDYFMHCQADD.pdbqt"", ""--config"", ""<NEW_CONDITION_ROOT>\\internal\\worm_X_vina_box.txt"", ""--scoring"", ""vina"", ""--exhaustiveness"", ""8"", ""--num_modes"", ""9"", ""--energy_range"", ""3.0"", ""--cpu"", ""2"", ""--seed"", ""20260927"", ""--out"", ""<NEW_CONDITION_ROOT>\\raw_runs\\worm_X11\\poses\\LIB_ZVHBDYFMHCQADD__W_7USX_LOCAL_COMPLETE__e8__s20260927.pdbqt""]",2026-09-30T14:44:15.572121+00:00,0,completed,-9.426,9,f47eb98b262eacaacd2eaddc808bc8234052dc621ccab717abd28a8f34785cd1,37,3.144817005804945,0,0.6689999999999934,0,raw/LIB_ZVHBDYFMHCQADD__W_7USX_LOCAL_COMPLETE__e8__s20260927/LIB_ZVHBDYFMHCQADD__W_7USX_LOCAL_COMPLETE__e8__s20260927.sdf,eca905c77ec6e5fcb1df5a6a84f0add1dba451c82af3f76e0fda7a08ab8b9b45,True,57.507,2026-09-30T14:45:13.079462+00:00,new_R3_worm_condition,True,9cc082adbeacc55dfb9a89f19d890efc97c1f1971f0cafbe256f601f0ea4a864,053aa54cc0ad2955dc9d513f2b2af7bbaa465c57bcac147446c86a2985969d9d,7fbcdf851644e02ce866bb28061a21ffb6fa7a25e3b9b6d43728f0b2a87b8660,True,,,,,,,,,,,,,,,,,,,R2_frozen_candidate_independent_worm_supplement,,
REF_CHEMBL115,,,,https://www.ebi.ac.uk/chembl/api/data/molecule/CHEMBL115.json,,,,,,,,,,,,,45,,,,,,,,,,[],1,CC(C)(C)NC(=O)[C@@H]1C[NH+](Cc2cccnc2)CC[NH+]1C[C@@H](O)C[C@@H](Cc1ccccc1)C(=O)N[C@H]1c2ccccc2C[C@H]1O,,,,,,True,,,,,,,,2026-09-30T14:41:52.653725+00:00,CC(C)(C)NC(=O)[C@@H]1CN(Cc2cccnc2)CCN1C[C@@H](O)C[C@@H](Cc1ccccc1)C(=O)N[C@H]1c2ccccc2C[C@H]1O,CBVCZFGXHXORBI-PXQQMZJSSA-N,CBVCZFGXHXORBI-PXQQMZJSSA-P,"[[""Atom_Tetrahedral"", 9], [""Atom_Tetrahedral"", 19]]","[9, 19]",exchangeable_tertiary_ring_NH_and_full_potential_stereo_v3_20260929,10,10,252.22797844980042,5,CC(C)(C)NC(=O)[C@@H]1C[N@@H+](Cc2cccnc2)CC[N@@H+]1C[C@@H](O)C[C@@H](Cc1ccccc1)C(=O)N[C@H]1c2ccccc2C[C@H]1O,False,True,CC(C)(C)NC(=O)[C@@H]1C[N@@H+](Cc2cccnc2)CC[N@@H+]1C[C@@H](O)C[C@@H](Cc1ccccc1)C(=O)N[C@H]1c2ccccc2C[C@H]1O,False,True,prepared,raw/REF_CHEMBL115__W_7USX_LOCAL_COMPLETE__e8__s20260927/REF_CHEMBL115.sdf,39151841d014fd0e95a078d4e26b25b1df3c2f706805b7ea644a1aaf99985fe7,raw/REF_CHEMBL115__W_7USX_LOCAL_COMPLETE__e8__s20260927/REF_CHEMBL115.pdbqt,b3001179e842bfa197532df09f21faf166e454edbcd469fe9de0f0f8a9d2afe5,3.611,REF_CHEMBL115__W_7USX_LOCAL_COMPLETE__e8__s20260927,W_7USX_LOCAL_COMPLETE,C. elegans experimental TMC1-CALM1-TMIE six-protein complex; remote incomplete residues omitted outside fixed box+8A,False,7USX cryoEM contracted geometric conformation; functional closed/open state unverified,literature-informed middle-region pose,unknown,unverified,AutoDock Vina 1.2.7,"Vina docking score, not MMGBSA",20260927,8,9,3.0,2,protocol/W_7USX_LOCAL_COMPLETE.pdbqt,907ef675c3f92bbb3efbec7234cbbbf8a3fb1bd412f4191ce574e238ae9b6651,protocol/worm_X_vina_box.txt,17100e6a2f415d440b9f1aa74b3ecf2d53c681a0edd49d2b0573531512e4e149,R3_W7USX_native_mapped_middle15_complete_region_v1,"[136.5105, 174.4235, 172.819]","[33.721, 32.575, 26.328]",raw/REF_CHEMBL115__W_7USX_LOCAL_COMPLETE__e8__s20260927/REF_CHEMBL115__W_7USX_LOCAL_COMPLETE__e8__s20260927.pdbqt,raw/REF_CHEMBL115__W_7USX_LOCAL_COMPLETE__e8__s20260927/REF_CHEMBL115__W_7USX_LOCAL_COMPLETE__e8__s20260927.log,raw/REF_CHEMBL115__W_7USX_LOCAL_COMPLETE__e8__s20260927/REF_CHEMBL115__W_7USX_LOCAL_COMPLETE__e8__s20260927_export.log,pending,"[""<SOURCE_PROJECT>\\接管推进_2026-09-27\\01_计算筛选\\tools\\vina_1.2.7_win.exe"", ""--receptor"", ""<NEW_CONDITION_ROOT>\\internal\\receptors\\W_7USX_LOCAL_COMPLETE.pdbqt"", ""--ligand"", ""<NEW_CONDITION_ROOT>\\raw_runs\\worm_X11\\ligands\\REF_CHEMBL115.pdbqt"", ""--config"", ""<NEW_CONDITION_ROOT>\\internal\\worm_X_vina_box.txt"", ""--scoring"", ""vina"", ""--exhaustiveness"", ""8"", ""--num_modes"", ""9"", ""--energy_range"", ""3.0"", ""--cpu"", ""2"", ""--seed"", ""20260927"", ""--out"", ""<NEW_CONDITION_ROOT>\\raw_runs\\worm_X11\\poses\\REF_CHEMBL115__W_7USX_LOCAL_COMPLETE__e8__s20260927.pdbqt""]",2026-09-30T14:44:50.940543+00:00,0,completed,-7.996,9,6001b8e5ec8ab54b35c8781701e75498971d4c07998117380fe0e7f0cf502d35,45,2.8577589121547535,0,-0.1479999999999837,0,raw/REF_CHEMBL115__W_7USX_LOCAL_COMPLETE__e8__s20260927/REF_CHEMBL115__W_7USX_LOCAL_COMPLETE__e8__s20260927.sdf,0ea20e92bb014c151b9d1fce5df7b80d90744547c0cb342d5f00f80b115a9a34,False,282.777,2026-09-30T14:49:33.717476+00:00,new_R3_worm_condition,False,aa88e467658ac785257065840045fc2b24fa3c98f4e2d59799c04c79f3fc37df,1997ff00a0a060705b0648dcba7341a978440dd73261c83ee50701ac8b93d35e,6806fac986dd22b20787c05212d5ceb3bba39041cbf71661ec5b970b93147d10,True,,,,,,,,,,,indinavir anhydrous,CHEMBL115,CC(C)(C)NC(=O)[C@@H]1CN(Cc2cccnc2)CCN1C[C@@H](O)C[C@@H](Cc1ccccc1)C(=O)N[C@H]1c2ccccc2C[C@H]1O,CBVCZFGXHXORBI-PXQQMZJSSA-N,<SOURCE_PROJECT>\接管推进_2026-09-27\01_计算筛选\data\raw\chembl_approved_pool\molecules_offset_00000.json,5cbf75a488eae0b667eaea430927209aca389a6aa6b4b323f6928729ab40a1f9,database_parent_identity_article_salt_and_batch_not_confirmed,,2025_cochlear_dye_uptake_reference_database_parent_not_direct_TMC1_positive,,
REF_CHEMBL1397,,CHEMBL1397,,https://www.ebi.ac.uk/chembl/compound_report_card/CHEMBL1397/,,CC[C@@H]([C@H](C)O)n1ncn(-c2ccc(N3CCN(c4ccc(OC[C@@H]5CO[C@@](Cn6cncn6)(c6ccc(F)cc6F)C5)cc4)CC3)cc2)c1=O,,,,,,,,,,,51,,,,,,,,,,[],1,CC[C@@H]([C@H](C)O)n1ncn(-c2ccc(N3CCN(c4ccc(OC[C@@H]5CO[C@@](Cn6cncn6)(c6ccc(F)cc6F)C5)cc4)CC3)cc2)c1=O,,,,,,False,,,,,,,,2026-09-30T14:41:56.266789+00:00,CC[C@@H]([C@H](C)O)n1ncn(-c2ccc(N3CCN(c4ccc(OC[C@@H]5CO[C@@](Cn6cncn6)(c6ccc(F)cc6F)C5)cc4)CC3)cc2)c1=O,RAGOYPUPXAKGKH-XAKZXMRKSA-N,RAGOYPUPXAKGKH-XAKZXMRKSA-N,[],[],exchangeable_tertiary_ring_NH_and_full_potential_stereo_v3_20260929,10,10,184.47321365821512,4,CC[C@@H]([C@H](C)O)n1ncn(-c2ccc(N3CCN(c4ccc(OC[C@@H]5CO[C@@](Cn6cncn6)(c6ccc(F)cc6F)C5)cc4)CC3)cc2)c1=O,True,True,CC[C@@H]([C@H](C)O)n1ncn(-c2ccc(N3CCN(c4ccc(OC[C@@H]5CO[C@@](Cn6cncn6)(c6ccc(F)cc6F)C5)cc4)CC3)cc2)c1=O,True,True,prepared,raw/REF_CHEMBL1397__W_7USX_LOCAL_COMPLETE__e8__s20260927/REF_CHEMBL1397.sdf,8c0efb7158db041e4ca14ec91e987de203d5cb38e18b34c27ef9bd07b9635290,raw/REF_CHEMBL1397__W_7USX_LOCAL_COMPLETE__e8__s20260927/REF_CHEMBL1397.pdbqt,5a0d1e098d8d77f4573ff6d5a6fe64ee3a16de9587d7adcf24a6afbc6670afef,3.309,REF_CHEMBL1397__W_7USX_LOCAL_COMPLETE__e8__s20260927,W_7USX_LOCAL_COMPLETE,C. elegans experimental TMC1-CALM1-TMIE six-protein complex; remote incomplete residues omitted outside fixed box+8A,False,7USX cryoEM contracted geometric conformation; functional closed/open state unverified,literature-informed middle-region pose,unknown,unverified,AutoDock Vina 1.2.7,"Vina docking score, not MMGBSA",20260927,8,9,3.0,2,protocol/W_7USX_LOCAL_COMPLETE.pdbqt,907ef675c3f92bbb3efbec7234cbbbf8a3fb1bd412f4191ce574e238ae9b6651,protocol/worm_X_vina_box.txt,17100e6a2f415d440b9f1aa74b3ecf2d53c681a0edd49d2b0573531512e4e149,R3_W7USX_native_mapped_middle15_complete_region_v1,"[136.5105, 174.4235, 172.819]","[33.721, 32.575, 26.328]",raw/REF_CHEMBL1397__W_7USX_LOCAL_COMPLETE__e8__s20260927/REF_CHEMBL1397__W_7USX_LOCAL_COMPLETE__e8__s20260927.pdbqt,raw/REF_CHEMBL1397__W_7USX_LOCAL_COMPLETE__e8__s20260927/REF_CHEMBL1397__W_7USX_LOCAL_COMPLETE__e8__s20260927.log,raw/REF_CHEMBL1397__W_7USX_LOCAL_COMPLETE__e8__s20260927/REF_CHEMBL1397__W_7USX_LOCAL_COMPLETE__e8__s20260927_export.log,pending,"[""<SOURCE_PROJECT>\\接管推进_2026-09-27\\01_计算筛选\\tools\\vina_1.2.7_win.exe"", ""--receptor"", ""<NEW_CONDITION_ROOT>\\internal\\receptors\\W_7USX_LOCAL_COMPLETE.pdbqt"", ""--ligand"", ""<NEW_CONDITION_ROOT>\\raw_runs\\worm_X11\\ligands\\REF_CHEMBL1397.pdbqt"", ""--config"", ""<NEW_CONDITION_ROOT>\\internal\\worm_X_vina_box.txt"", ""--scoring"", ""vina"", ""--exhaustiveness"", ""8"", ""--num_modes"", ""9"", ""--energy_range"", ""3.0"", ""--cpu"", ""2"", ""--seed"", ""20260927"", ""--out"", ""<NEW_CONDITION_ROOT>\\raw_runs\\worm_X11\\poses\\REF_CHEMBL1397__W_7USX_LOCAL_COMPLETE__e8__s20260927.pdbqt""]",2026-09-30T14:45:13.081479+00:00,0,completed,-7.578,9,1880067d1af0acf479903f2f156a4d95581f9d2e3cb9144ecadef6b7a2d9fcad,51,2.8783057516532398,0,0.30100000000000016,0,raw/REF_CHEMBL1397__W_7USX_LOCAL_COMPLETE__e8__s20260927/REF_CHEMBL1397__W_7USX_LOCAL_COMPLETE__e8__s20260927.sdf,3cc25b1657f265b0f2dc4bcb770d25f5d9a20dc243a3be86614bc2011f3a1219,True,207.964,2026-09-30T14:48:41.044496+00:00,new_R3_worm_condition,True,7e7e9630b8935e23723dde3f821d8997dc877c1da4a6da28d9a2988516800c53,40cbd182dea7d944c7ad99c4b301e14ab02a5ca490dc57ebcd821dd7629f3983,dd3416dc076e97e7c4deb2c046989b4f9f30783984f63e23372e4a9b890b588a,True,,,,,,,,,,,posaconazole,CHEMBL1397,,RAGOYPUPXAKGKH-XAKZXMRKSA-N,<SOURCE_PROJECT>\第二轮核心攻关_20260929\03_算法与计算\gate_panel_reference4.csv,9718daf35a57aa6b619b7c97458efb586fa44a575a1decfbfaeebde64218e727,database_parent_identity_article_salt_and_batch_not_confirmed,database_identity_found_article_form_unconfirmed,2025_cochlear_dye_uptake_reference_database_parent_not_direct_TMC1_positive,,
REF_CHEMBL554,,,,https://www.ebi.ac.uk/chembl/api/data/molecule/CHEMBL554.json,,,,,,,,,,,,,40,,,,,,,,,,[],1,CS(=O)(=O)CC[NH2+]Cc1ccc(-c2ccc3ncnc(Nc4ccc(OCc5cccc(F)c5)c(Cl)c4)c3c2)o1,,,,,,False,,,,,,,,2026-09-30T14:41:59.576686+00:00,CS(=O)(=O)CCNCc1ccc(-c2ccc3ncnc(Nc4ccc(OCc5cccc(F)c5)c(Cl)c4)c3c2)o1,BCFGMOOMADDAQU-UHFFFAOYSA-N,BCFGMOOMADDAQU-UHFFFAOYSA-O,[],[],exchangeable_tertiary_ring_NH_and_full_potential_stereo_v3_20260929,10,10,18.921782200703905,8,CS(=O)(=O)CC[NH2+]Cc1ccc(-c2ccc3ncnc(Nc4ccc(OCc5cccc(F)c5)c(Cl)c4)c3c2)o1,True,True,CS(=O)(=O)CC[NH2+]Cc1ccc(-c2ccc3ncnc(Nc4ccc(OCc5cccc(F)c5)c(Cl)c4)c3c2)o1,True,True,prepared,raw/REF_CHEMBL554__W_7USX_LOCAL_COMPLETE__e8__s20260927/REF_CHEMBL554.sdf,35a2d65d877a56413ff5b40765e40c84592af3e8e64193254c9a04566d45186c,raw/REF_CHEMBL554__W_7USX_LOCAL_COMPLETE__e8__s20260927/REF_CHEMBL554.pdbqt,3848c4f5a4ee8c10fdaddd9a5bb9617e4af535ddc44e6faf4f4051f614635e5c,1.548,REF_CHEMBL554__W_7USX_LOCAL_COMPLETE__e8__s20260927,W_7USX_LOCAL_COMPLETE,C. elegans experimental TMC1-CALM1-TMIE six-protein complex; remote incomplete residues omitted outside fixed box+8A,False,7USX cryoEM contracted geometric conformation; functional closed/open state unverified,literature-informed middle-region pose,unknown,unverified,AutoDock Vina 1.2.7,"Vina docking score, not MMGBSA",20260927,8,9,3.0,2,protocol/W_7USX_LOCAL_COMPLETE.pdbqt,907ef675c3f92bbb3efbec7234cbbbf8a3fb1bd412f4191ce574e238ae9b6651,protocol/worm_X_vina_box.txt,17100e6a2f415d440b9f1aa74b3ecf2d53c681a0edd49d2b0573531512e4e149,R3_W7USX_native_mapped_middle15_complete_region_v1,"[136.5105, 174.4235, 172.819]","[33.721, 32.575, 26.328]",raw/REF_CHEMBL554__W_7USX_LOCAL_COMPLETE__e8__s20260927/REF_CHEMBL554__W_7USX_LOCAL_COMPLETE__e8__s20260927.pdbqt,raw/REF_CHEMBL554__W_7USX_LOCAL_COMPLETE__e8__s20260927/REF_CHEMBL554__W_7USX_LOCAL_COMPLETE__e8__s20260927.log,raw/REF_CHEMBL554__W_7USX_LOCAL_COMPLETE__e8__s20260927/REF_CHEMBL554__W_7USX_LOCAL_COMPLETE__e8__s20260927_export.log,pending,"[""<SOURCE_PROJECT>\\接管推进_2026-09-27\\01_计算筛选\\tools\\vina_1.2.7_win.exe"", ""--receptor"", ""<NEW_CONDITION_ROOT>\\internal\\receptors\\W_7USX_LOCAL_COMPLETE.pdbqt"", ""--ligand"", ""<NEW_CONDITION_ROOT>\\raw_runs\\worm_X11\\ligands\\REF_CHEMBL554.pdbqt"", ""--config"", ""<NEW_CONDITION_ROOT>\\internal\\worm_X_vina_box.txt"", ""--scoring"", ""vina"", ""--exhaustiveness"", ""8"", ""--num_modes"", ""9"", ""--energy_range"", ""3.0"", ""--cpu"", ""2"", ""--seed"", ""20260927"", ""--out"", ""<NEW_CONDITION_ROOT>\\raw_runs\\worm_X11\\poses\\REF_CHEMBL554__W_7USX_LOCAL_COMPLETE__e8__s20260927.pdbqt""]",2026-09-30T14:48:41.047010+00:00,0,completed,-8.822,9,aca8fe192a0fa3257878ccb345e0b9129b8284dacce8acc59d71fb6af6f18dc9,40,3.0373305714063985,0,0.06799999999999429,0,raw/REF_CHEMBL554__W_7USX_LOCAL_COMPLETE__e8__s20260927/REF_CHEMBL554__W_7USX_LOCAL_COMPLETE__e8__s20260927.sdf,5c1e0710a3b48b4a53d45155e8a213d902bb4c2cc75752a316e50ed6c48e2cd6,True,174.323,2026-09-30T14:51:35.369910+00:00,new_R3_worm_condition,True,f888ab11b801e229d612e94f25f73a504c997b935d8ee8540b7b953671e5ed8e,8da49f7b26cf11dc00418f1c696768e710b7eaf56cb921f9e68bcafba6480539,ef43ff34fd6bfae8704472e31528b5d19b20a603b7cccd17d8321ffbe6fe1887,True,,,,,,,,,,,lapatinib,CHEMBL554,CS(=O)(=O)CCNCc1ccc(-c2ccc3ncnc(Nc4ccc(OCc5cccc(F)c5)c(Cl)c4)c3c2)o1,BCFGMOOMADDAQU-UHFFFAOYSA-N,<SOURCE_PROJECT>\接管推进_2026-09-27\01_计算筛选\data\raw\chembl_approved_pool\molecules_offset_03000.json,1c9f75b884bd9c7af48d851c3db2aca618db4740509b5f3fae2fa3b946359373,database_parent_identity_article_salt_and_batch_not_confirmed,,2025_cochlear_dye_uptake_reference_database_parent_not_direct_TMC1_positive,,
REF_DENATONIUM_GTOP12433,,,,https://www.guidetopharmacology.org/GRAC/LigandDisplayForward?ligandId=12433,,,,,,,,,,,,,24,,,,,,,,,,[],1,CC[N+](CC)(CC(=O)Nc1c(C)cccc1C)Cc1ccccc1,,,,,,False,,,,,,,,2026-09-30T14:42:01.127902+00:00,CC[N+](CC)(CC(=O)Nc1c(C)cccc1C)Cc1ccccc1,ZFQMTVNLDNXRNQ-UHFFFAOYSA-O,ZFQMTVNLDNXRNQ-UHFFFAOYSA-O,[],[],exchangeable_tertiary_ring_NH_and_full_potential_stereo_v3_20260929,9,9,85.94065974482288,5,CC[N+](CC)(CC(=O)Nc1c(C)cccc1C)Cc1ccccc1,True,True,CC[N+](CC)(CC(=O)Nc1c(C)cccc1C)Cc1ccccc1,True,True,prepared,raw/REF_DENATONIUM_GTOP12433__W_7USX_LOCAL_COMPLETE__e8__s20260927/REF_DENATONIUM_GTOP12433.sdf,cd80bb02cc47672f2cbffd3dc26684a6c5270ea808c4e9d238a5baa374d67917,raw/REF_DENATONIUM_GTOP12433__W_7USX_LOCAL_COMPLETE__e8__s20260927/REF_DENATONIUM_GTOP12433.pdbqt,44de7b7cf45c38dd6657c8d198f66f85f3a76545b682ac1d12da9d7d1e714a4f,0.61,REF_DENATONIUM_GTOP12433__W_7USX_LOCAL_COMPLETE__e8__s20260927,W_7USX_LOCAL_COMPLETE,C. elegans experimental TMC1-CALM1-TMIE six-protein complex; remote incomplete residues omitted outside fixed box+8A,False,7USX cryoEM contracted geometric conformation; functional closed/open state unverified,literature-informed middle-region pose,unknown,unverified,AutoDock Vina 1.2.7,"Vina docking score, not MMGBSA",20260927,8,9,3.0,2,protocol/W_7USX_LOCAL_COMPLETE.pdbqt,907ef675c3f92bbb3efbec7234cbbbf8a3fb1bd412f4191ce574e238ae9b6651,protocol/worm_X_vina_box.txt,17100e6a2f415d440b9f1aa74b3ecf2d53c681a0edd49d2b0573531512e4e149,R3_W7USX_native_mapped_middle15_complete_region_v1,"[136.5105, 174.4235, 172.819]","[33.721, 32.575, 26.328]",raw/REF_DENATONIUM_GTOP12433__W_7USX_LOCAL_COMPLETE__e8__s20260927/REF_DENATONIUM_GTOP12433__W_7USX_LOCAL_COMPLETE__e8__s20260927.pdbqt,raw/REF_DENATONIUM_GTOP12433__W_7USX_LOCAL_COMPLETE__e8__s20260927/REF_DENATONIUM_GTOP12433__W_7USX_LOCAL_COMPLETE__e8__s20260927.log,raw/REF_DENATONIUM_GTOP12433__W_7USX_LOCAL_COMPLETE__e8__s20260927/REF_DENATONIUM_GTOP12433__W_7USX_LOCAL_COMPLETE__e8__s20260927_export.log,pending,"[""<SOURCE_PROJECT>\\接管推进_2026-09-27\\01_计算筛选\\tools\\vina_1.2.7_win.exe"", ""--receptor"", ""<NEW_CONDITION_ROOT>\\internal\\receptors\\W_7USX_LOCAL_COMPLETE.pdbqt"", ""--ligand"", ""<NEW_CONDITION_ROOT>\\raw_runs\\worm_X11\\ligands\\REF_DENATONIUM_GTOP12433.pdbqt"", ""--config"", ""<NEW_CONDITION_ROOT>\\internal\\worm_X_vina_box.txt"", ""--scoring"", ""vina"", ""--exhaustiveness"", ""8"", ""--num_modes"", ""9"", ""--energy_range"", ""3.0"", ""--cpu"", ""2"", ""--seed"", ""20260927"", ""--out"", ""<NEW_CONDITION_ROOT>\\raw_runs\\worm_X11\\poses\\REF_DENATONIUM_GTOP12433__W_7USX_LOCAL_COMPLETE__e8__s20260927.pdbqt""]",2026-09-30T14:49:33.718523+00:00,0,completed,-6.806,9,46e719e5fa6e23928f2b8a461a74a6e5a356b27670b203ac4953ad02a327048d,24,3.377091055923725,0,0.0950000000000113,0,raw/REF_DENATONIUM_GTOP12433__W_7USX_LOCAL_COMPLETE__e8__s20260927/REF_DENATONIUM_GTOP12433__W_7USX_LOCAL_COMPLETE__e8__s20260927.sdf,e9f8bdb25b56b8fec8aff16ae43d51faba0903e0ac1c103f4e983d6f0766f540,True,38.008,2026-09-30T14:50:11.726301+00:00,new_R3_worm_condition,True,dea2a0154c7334bfcda28549f51b00fce0ad92ec7cbd8fe6d41a1a286bba3be1,4fae6e1ddd144024fdfb179e5556bdd20a4a489c266ae388bb5b4816ddbc5ae8,1ddfffdf1b3aea2510155039bf4042437b70c21d7024c21c05e9dac15cafc8dd,True,,,,,,,,,,,denatonium,,CC[N+](CC)(CC1=CC=CC=C1)CC(=O)NC2=C(C=CC=C2C)C,ZFQMTVNLDNXRNQ-UHFFFAOYSA-O,,,cation_only_benzoate_counterion_excluded_no_stable_stereocentre,,specificity_comparator_no_direct_TMC1_positive_label,,
REF_CHEMBL115,,,,https://www.ebi.ac.uk/chembl/api/data/molecule/CHEMBL115.json,,,,,,,,,,,,,45,,,,,,,,,,[],1,CC(C)(C)NC(=O)[C@@H]1C[NH+](Cc2cccnc2)CC[NH+]1C[C@@H](O)C[C@@H](Cc1ccccc1)C(=O)N[C@H]1c2ccccc2C[C@H]1O,,,,,,True,,,,,,,,2026-09-30T14:47:47.324052+00:00,CC(C)(C)NC(=O)[C@@H]1CN(Cc2cccnc2)CCN1C[C@@H](O)C[C@@H](Cc1ccccc1)C(=O)N[C@H]1c2ccccc2C[C@H]1O,CBVCZFGXHXORBI-PXQQMZJSSA-N,CBVCZFGXHXORBI-PXQQMZJSSA-P,"[[""Atom_Tetrahedral"", 9], [""Atom_Tetrahedral"", 19]]","[9, 19]",exchangeable_tertiary_ring_NH_and_full_potential_stereo_v3_20260929,10,10,252.22797844980042,5,CC(C)(C)NC(=O)[C@@H]1C[N@@H+](Cc2cccnc2)CC[N@@H+]1C[C@@H](O)C[C@@H](Cc1ccccc1)C(=O)N[C@H]1c2ccccc2C[C@H]1O,False,True,CC(C)(C)NC(=O)[C@@H]1C[N@@H+](Cc2cccnc2)CC[N@@H+]1C[C@@H](O)C[C@@H](Cc1ccccc1)C(=O)N[C@H]1c2ccccc2C[C@H]1O,False,True,prepared,raw/REF_CHEMBL115__H_AF__e8__s20260927/REF_CHEMBL115.sdf,39151841d014fd0e95a078d4e26b25b1df3c2f706805b7ea644a1aaf99985fe7,raw/REF_CHEMBL115__H_AF__e8__s20260927/REF_CHEMBL115.pdbqt,b3001179e842bfa197532df09f21faf166e454edbcd469fe9de0f0f8a9d2afe5,4.121,REF_CHEMBL115__H_AF__e8__s20260927,H_AF,"human TMC1 predicted structure, aligned",False,"human AF predicted structure, aligned; same frozen receptor and box as original six R2 human candidate jobs",literature-informed middle-region pose,unknown,unverified,AutoDock Vina 1.2.7,"Vina docking score, not MMGBSA",20260927,8,9,3.0,2,external_receptors/H_AF.pdbqt,35b4acccd44a5c2c5c8aa7e756abe26c081018a2c26d0899190751c23392f2c1,protocol/human_vina_box.txt,3e4c7eb2c313edbe496068c9fb17790e7ca746567519836ed46131e5e7570d49,table6_middle_15_common_union,"[2.3955, -12.9641, 0.9145]","[37.687, 31.3744, 31.1908]",raw/REF_CHEMBL115__H_AF__e8__s20260927/REF_CHEMBL115__H_AF__e8__s20260927.pdbqt,raw/REF_CHEMBL115__H_AF__e8__s20260927/REF_CHEMBL115__H_AF__e8__s20260927.log,raw/REF_CHEMBL115__H_AF__e8__s20260927/REF_CHEMBL115__H_AF__e8__s20260927_export.log,pending,"[""<SOURCE_PROJECT>\\接管推进_2026-09-27\\01_计算筛选\\tools\\vina_1.2.7_win.exe"", ""--receptor"", ""<SOURCE_PROJECT>\\接管推进_2026-09-27\\01_计算筛选\\screen_v2\\inputs\\receptors\\H_AF.pdbqt"", ""--ligand"", ""<NEW_CONDITION_ROOT>\\raw_runs\\human_reference2\\ligands\\REF_CHEMBL115.pdbqt"", ""--config"", ""<SOURCE_PROJECT>\\接管推进_2026-09-27\\01_计算筛选\\coarse_v1\\config\\vina_box.txt"", ""--scoring"", ""vina"", ""--exhaustiveness"", ""8"", ""--num_modes"", ""9"", ""--energy_range"", ""3.0"", ""--cpu"", ""2"", ""--seed"", ""20260927"", ""--out"", ""<NEW_CONDITION_ROOT>\\raw_runs\\human_reference2\\poses\\REF_CHEMBL115__H_AF__e8__s20260927.pdbqt""]",2026-09-30T14:47:55.405508+00:00,0,completed,-10.192,9,b222457f11a83cf23fc46cb261fd666a8a0e1b614f678f2875a38df78314fe62,45,2.8011465509680136,0,8.4529,0,raw/REF_CHEMBL115__H_AF__e8__s20260927/REF_CHEMBL115__H_AF__e8__s20260927.sdf,775d9b1b1a124e655ab981cb78024b8aeeb5e1c88e46006879303a93ae7e6100,True,208.03,2026-09-30T14:51:23.435322+00:00,new_R3_human_reference,True,40abcb51ced8493651fdb567fe690dcf9a33ae25ea44a478f2991796c839152f,75df9538ac85aa6a3585138c7dbde2a17ceba385c912806bd49ac8b3a9dd66e9,76ff6e613b000440bf5a15fc03f7b8f1df7de07f4d061ea5fb86fc6fa01bc866,True,,,,,,,,,,,indinavir anhydrous,CHEMBL115,CC(C)(C)NC(=O)[C@@H]1CN(Cc2cccnc2)CCN1C[C@@H](O)C[C@@H](Cc1ccccc1)C(=O)N[C@H]1c2ccccc2C[C@H]1O,CBVCZFGXHXORBI-PXQQMZJSSA-N,<SOURCE_PROJECT>\接管推进_2026-09-27\01_计算筛选\data\raw\chembl_approved_pool\molecules_offset_00000.json,5cbf75a488eae0b667eaea430927209aca389a6aa6b4b323f6928729ab40a1f9,database_parent_identity_article_salt_and_batch_not_confirmed,,2025_cochlear_dye_uptake_reference_database_parent_not_direct_TMC1_positive,,
REF_CHEMBL1397,,CHEMBL1397,,https://www.ebi.ac.uk/chembl/compound_report_card/CHEMBL1397/,,CC[C@@H]([C@H](C)O)n1ncn(-c2ccc(N3CCN(c4ccc(OC[C@@H]5CO[C@@](Cn6cncn6)(c6ccc(F)cc6F)C5)cc4)CC3)cc2)c1=O,,,,,,,,,,,51,,,,,,,,,,[],1,CC[C@@H]([C@H](C)O)n1ncn(-c2ccc(N3CCN(c4ccc(OC[C@@H]5CO[C@@](Cn6cncn6)(c6ccc(F)cc6F)C5)cc4)CC3)cc2)c1=O,,,,,,False,,,,,,,,2026-09-30T14:47:51.446546+00:00,CC[C@@H]([C@H](C)O)n1ncn(-c2ccc(N3CCN(c4ccc(OC[C@@H]5CO[C@@](Cn6cncn6)(c6ccc(F)cc6F)C5)cc4)CC3)cc2)c1=O,RAGOYPUPXAKGKH-XAKZXMRKSA-N,RAGOYPUPXAKGKH-XAKZXMRKSA-N,[],[],exchangeable_tertiary_ring_NH_and_full_potential_stereo_v3_20260929,10,10,184.47321365821512,4,CC[C@@H]([C@H](C)O)n1ncn(-c2ccc(N3CCN(c4ccc(OC[C@@H]5CO[C@@](Cn6cncn6)(c6ccc(F)cc6F)C5)cc4)CC3)cc2)c1=O,True,True,CC[C@@H]([C@H](C)O)n1ncn(-c2ccc(N3CCN(c4ccc(OC[C@@H]5CO[C@@](Cn6cncn6)(c6ccc(F)cc6F)C5)cc4)CC3)cc2)c1=O,True,True,prepared,raw/REF_CHEMBL1397__H_AF__e8__s20260927/REF_CHEMBL1397.sdf,8c0efb7158db041e4ca14ec91e987de203d5cb38e18b34c27ef9bd07b9635290,raw/REF_CHEMBL1397__H_AF__e8__s20260927/REF_CHEMBL1397.pdbqt,5a0d1e098d8d77f4573ff6d5a6fe64ee3a16de9587d7adcf24a6afbc6670afef,3.938,REF_CHEMBL1397__H_AF__e8__s20260927,H_AF,"human TMC1 predicted structure, aligned",False,"human AF predicted structure, aligned; same frozen receptor and box as original six R2 human candidate jobs",literature-informed middle-region pose,unknown,unverified,AutoDock Vina 1.2.7,"Vina docking score, not MMGBSA",20260927,8,9,3.0,2,external_receptors/H_AF.pdbqt,35b4acccd44a5c2c5c8aa7e756abe26c081018a2c26d0899190751c23392f2c1,protocol/human_vina_box.txt,3e4c7eb2c313edbe496068c9fb17790e7ca746567519836ed46131e5e7570d49,table6_middle_15_common_union,"[2.3955, -12.9641, 0.9145]","[37.687, 31.3744, 31.1908]",raw/REF_CHEMBL1397__H_AF__e8__s20260927/REF_CHEMBL1397__H_AF__e8__s20260927.pdbqt,raw/REF_CHEMBL1397__H_AF__e8__s20260927/REF_CHEMBL1397__H_AF__e8__s20260927.log,raw/REF_CHEMBL1397__H_AF__e8__s20260927/REF_CHEMBL1397__H_AF__e8__s20260927_export.log,pending,"[""<SOURCE_PROJECT>\\接管推进_2026-09-27\\01_计算筛选\\tools\\vina_1.2.7_win.exe"", ""--receptor"", ""<SOURCE_PROJECT>\\接管推进_2026-09-27\\01_计算筛选\\screen_v2\\inputs\\receptors\\H_AF.pdbqt"", ""--ligand"", ""<NEW_CONDITION_ROOT>\\raw_runs\\human_reference2\\ligands\\REF_CHEMBL1397.pdbqt"", ""--config"", ""<SOURCE_PROJECT>\\接管推进_2026-09-27\\01_计算筛选\\coarse_v1\\config\\vina_box.txt"", ""--scoring"", ""vina"", ""--exhaustiveness"", ""8"", ""--num_modes"", ""9"", ""--energy_range"", ""3.0"", ""--cpu"", ""2"", ""--seed"", ""20260927"", ""--out"", ""<NEW_CONDITION_ROOT>\\raw_runs\\human_reference2\\poses\\REF_CHEMBL1397__H_AF__e8__s20260927.pdbqt""]",2026-09-30T14:47:55.408024+00:00,0,completed,-10.495,9,7531d6d10500ac4f0c297e8d87ff121bf5b0dca3f7c69f5fc2de3445f4584c73,51,3.11958586995133,0,1.8209,0,raw/REF_CHEMBL1397__H_AF__e8__s20260927/REF_CHEMBL1397__H_AF__e8__s20260927.sdf,4d7a67558fddd7c1a6080a16e91af72da561c28320456f8269e58af02a89ca84,True,193.523,2026-09-30T14:51:08.930503+00:00,new_R3_human_reference,True,78d0670e134aa576c49d2d9f2994ce2e3923f4e9c3e41a036f908dd7a43ca17f,c5dd36b9c6a2d90b8da25900f3d50b57d38c5f1bfaad83d9863722020eaa0ce1,c0a1caf2c89e47b0415f6a4141e702a2190bbe71b67b6b920bb4cb595eff63cf,True,,,,,,,,,,,posaconazole,CHEMBL1397,,RAGOYPUPXAKGKH-XAKZXMRKSA-N,<SOURCE_PROJECT>\第二轮核心攻关_20260929\03_算法与计算\gate_panel_reference4.csv,9718daf35a57aa6b619b7c97458efb586fa44a575a1decfbfaeebde64218e727,database_parent_identity_article_salt_and_batch_not_confirmed,database_identity_found_article_form_unconfirmed,2025_cochlear_dye_uptake_reference_database_parent_not_direct_TMC1_positive,,
